0 0.516216 0.763143 0.069369 0.188657 0.567653
0 0.345540 0.695817 0.054304 0.145685 0.492663
0 0.135055 0.774038 0.269801 0.315506 0.431501
0 0.584790 0.930432 0.076953 0.139137 0.339211
0 0.818723 0.699329 0.362554 0.196118 0.332782
0 0.545274 0.829288 0.139841 0.339745 0.244310
1 0.507929 0.665734 0.187749 0.039569 0.220546
2 0.198737 0.775818 0.397255 0.326667 0.184227
1 0.083197 0.710501 0.166156 0.037487 0.164603
1 0.199668 0.705764 0.399337 0.124058 0.133399
0 0.493066 0.756501 0.119975 0.200815 0.109658
0 0.096721 0.833606 0.192279 0.234063 0.108211
2 0.201970 0.695164 0.402872 0.191122 0.092737
0 0.776727 0.671474 0.294577 0.141061 0.088174
0 0.347558 0.683031 0.067003 0.169189 0.075861
1 0.458517 0.719458 0.062711 0.019017 0.070610
