4 0.894057 0.878514 0.185429 0.051641 0.643055
4 0.512010 0.979821 0.051984 0.040358 0.565155
4 0.393411 0.774029 0.046425 0.024971 0.367015
4 0.296529 0.649446 0.034407 0.023270 0.333480
4 0.467196 0.786261 0.047140 0.039359 0.324779
4 0.536109 0.877308 0.100239 0.076552 0.244484
4 0.468665 0.780753 0.053745 0.050400 0.141431
4 0.307423 0.642832 0.061988 0.030994 0.096286
3 0.190781 0.634585 0.080678 0.033458 0.095816
4 0.461393 0.787888 0.067139 0.046740 0.078793
2 0.564013 0.828864 0.246236 0.342272 0.075435
1 0.339018 0.813206 0.317313 0.044602 0.074153
2 0.913852 0.951224 0.172296 0.097305 0.071939
4 0.527205 0.871078 0.083604 0.068252 0.071529
4 0.313136 0.639797 0.051825 0.024271 0.070884
4 0.434353 0.790856 0.121879 0.056680 0.067078
3 0.803288 0.754857 0.063554 0.029570 0.060926
2 0.347493 0.782335 0.330031 0.109195 0.060562
2 0.567958 0.922575 0.239632 0.154248 0.055892
4 0.925332 0.877938 0.119019 0.043253 0.052449
2 0.900951 0.937392 0.196526 0.124689 0.052144
