3 0.310819 0.610371 0.095400 0.032255 0.491629
3 0.813056 0.640647 0.373888 0.128631 0.435506
0 0.629474 0.841428 0.338789 0.280243 0.224470
2 0.630541 0.843541 0.338224 0.278235 0.221280
0 0.722262 0.843670 0.146312 0.280058 0.192846
0 0.530600 0.770595 0.148183 0.121578 0.179311
3 0.968411 0.702138 0.063179 0.035101 0.175315
3 0.813330 0.667118 0.373340 0.188862 0.164670
0 0.745250 0.842103 0.101126 0.280076 0.146139
2 0.129343 0.648419 0.258551 0.185215 0.140105
0 0.537088 0.934805 0.115083 0.097892 0.097938
0 0.673786 0.710171 0.022504 0.038266 0.097014
0 0.763568 0.776826 0.056705 0.146444 0.084448
0 0.546413 0.780875 0.142712 0.113882 0.068992
1 0.895345 0.762094 0.209309 0.041758 0.061440
0 0.705707 0.899662 0.087852 0.169351 0.060767
1 0.042747 0.697736 0.085469 0.057909 0.059826
2 0.108108 0.668343 0.216215 0.193044 0.054425
2 0.132860 0.690224 0.265052 0.274200 0.053633
