3 0.846815 0.221784 0.107368 0.033848 0.694669
1 0.496143 0.490552 0.314329 0.078314 0.621519
2 0.502573 0.484086 0.994855 0.690540 0.592985
1 0.554265 0.263790 0.183449 0.051213 0.514849
1 0.710327 0.391467 0.335593 0.054222 0.422186
1 0.824437 0.474859 0.195599 0.038489 0.387636
1 0.855866 0.354336 0.170169 0.053145 0.346013
1 0.916372 0.709031 0.167138 0.066350 0.335802
1 0.136576 0.581557 0.273152 0.063183 0.218936
3 0.228661 0.412135 0.457322 0.712981 0.154002
2 0.281859 0.520157 0.559497 0.536494 0.106562
1 0.754081 0.388373 0.444809 0.061762 0.092239
1 0.132909 0.591374 0.265819 0.088925 0.090867
3 0.228946 0.267457 0.457720 0.427301 0.081636
2 0.891683 0.563076 0.216177 0.551908 0.059978
1 0.514745 0.485943 0.273940 0.059286 0.057036
