4 0.674852 0.976609 0.157700 0.046783 0.701305
3 0.731289 0.617125 0.083455 0.022348 0.503292
4 0.253325 0.852643 0.191040 0.166318 0.480134
2 0.517082 0.858170 0.916846 0.283661 0.406063
4 0.259944 0.827418 0.179963 0.113535 0.399239
4 0.207528 0.920977 0.073385 0.059908 0.369938
4 0.232380 0.881417 0.155106 0.129614 0.306204
2 0.412846 0.854821 0.622635 0.290358 0.288757
4 0.383369 0.795152 0.032643 0.023233 0.250637
2 0.931184 0.883729 0.137515 0.231845 0.085798
4 0.052552 0.879582 0.105104 0.108635 0.074184
2 0.902789 0.885587 0.194422 0.227951 0.060744
4 0.644128 0.977415 0.092025 0.045169 0.058550
2 0.910097 0.942692 0.179805 0.114479 0.057033
1 0.936259 0.750528 0.127481 0.033244 0.054816
2 0.892315 0.929165 0.214987 0.141522 0.052970
2 0.924999 0.913449 0.150002 0.173063 0.050768
2 0.874142 0.947149 0.250665 0.105636 0.050363
