2 0.251938 0.375757 0.502835 0.548467 0.683498
0 0.809990 0.418069 0.334748 0.485648 0.335164
2 0.806994 0.416519 0.344367 0.482350 0.267578
1 0.919324 0.444459 0.160833 0.052766 0.217772
0 0.774212 0.379937 0.193401 0.398659 0.152739
0 0.798143 0.421034 0.172302 0.348046 0.148604
1 0.050918 0.506706 0.101001 0.036639 0.111070
1 0.800857 0.440593 0.398287 0.072792 0.089031
1 0.697499 0.347001 0.094407 0.028226 0.084126
0 0.886646 0.554896 0.169109 0.201944 0.074090
1 0.365771 0.407237 0.206303 0.037241 0.067763
1 0.390323 0.363636 0.190335 0.036313 0.067392
1 0.913986 0.433794 0.172028 0.071163 0.054190
1 0.910102 0.453003 0.179729 0.073577 0.053570
0 0.712878 0.239004 0.113099 0.159493 0.050452
