4 0.141993 0.663013 0.241553 0.083961 0.450911
2 0.256130 0.763137 0.506814 0.287754 0.238098
0 0.449864 0.665268 0.120144 0.134793 0.178580
4 0.586579 0.589676 0.082837 0.045474 0.158807
4 0.578220 0.580682 0.145935 0.065929 0.146534
0 0.370734 0.736217 0.286218 0.273570 0.133642
4 0.413262 0.702369 0.048839 0.041449 0.117953
2 0.249814 0.822163 0.499525 0.349110 0.117850
4 0.591990 0.593399 0.063385 0.041840 0.111694
4 0.101336 0.771230 0.200579 0.112211 0.106019
4 0.374221 0.582813 0.147878 0.043996 0.092712
4 0.412171 0.704549 0.055899 0.052389 0.088452
4 0.225967 0.651709 0.072910 0.039425 0.079521
4 0.412145 0.637949 0.110243 0.054023 0.065458
4 0.345198 0.583334 0.082701 0.031974 0.058729
4 0.597504 0.592594 0.078318 0.050079 0.051533
4 0.539789 0.560974 0.081672 0.034325 0.050524
