4 0.556542 0.762939 0.134092 0.051649 0.753909
4 0.803927 0.820652 0.079350 0.046529 0.571733
4 0.734225 0.763950 0.148921 0.056554 0.391234
2 0.667898 0.739460 0.664205 0.256008 0.318890
2 0.879150 0.834115 0.240934 0.331770 0.286578
4 0.767274 0.774890 0.085447 0.037626 0.267779
2 0.669270 0.800570 0.661332 0.373228 0.205046
2 0.645365 0.705121 0.626141 0.207168 0.166424
4 0.723423 0.758966 0.120234 0.052383 0.140658
0 0.734029 0.953516 0.056350 0.092968 0.116979
4 0.929366 0.946711 0.051007 0.036446 0.105778
0 0.726631 0.969488 0.039058 0.061025 0.098428
4 0.668463 0.641286 0.047164 0.030465 0.092677
2 0.837393 0.822165 0.325105 0.355670 0.080617
0 0.718834 0.966526 0.059751 0.066948 0.057927
