0 0.710544 0.741700 0.137728 0.192322 0.584526
4 0.401006 0.777187 0.108078 0.045020 0.541227
4 0.093559 0.842150 0.187118 0.063642 0.535092
4 0.559533 0.646134 0.048635 0.025099 0.522266
4 0.432352 0.650574 0.142680 0.045994 0.387003
2 0.699313 0.762224 0.321204 0.200075 0.359180
4 0.251192 0.787665 0.174741 0.055847 0.259364
0 0.585349 0.758094 0.096512 0.191693 0.233687
4 0.563044 0.620674 0.038511 0.020110 0.218032
2 0.634095 0.761165 0.194806 0.196432 0.216992
4 0.415526 0.651026 0.106032 0.042705 0.182822
4 0.440982 0.720401 0.054553 0.030628 0.156865
4 0.070661 0.698208 0.055728 0.035819 0.148347
4 0.230872 0.786998 0.121162 0.056736 0.145022
4 0.097597 0.836429 0.194185 0.087551 0.103012
4 0.311393 0.783351 0.293502 0.063603 0.096721
4 0.575004 0.736774 0.074684 0.146749 0.085168
4 0.271863 0.785756 0.138674 0.046341 0.084607
4 0.093185 0.852247 0.185895 0.098603 0.081038
4 0.241611 0.779508 0.100130 0.048076 0.077067
4 0.559739 0.642185 0.049791 0.036853 0.072021
0 0.726392 0.760229 0.101510 0.158868 0.070924
4 0.259410 0.781081 0.135463 0.050850 0.064070
