0 0.788161 0.879695 0.257464 0.235890 0.876005
1 0.548191 0.794267 0.229056 0.076454 0.750901
1 0.526387 0.706996 0.163942 0.030091 0.453615
2 0.151489 0.673183 0.143531 0.120062 0.441956
0 0.414059 0.772148 0.039841 0.075386 0.317153
0 0.418685 0.708206 0.066757 0.210589 0.310777
1 0.733137 0.732727 0.116482 0.025004 0.270826
0 0.417035 0.669184 0.073966 0.153693 0.174849
0 0.749665 0.830097 0.325673 0.333644 0.097731
0 0.424625 0.687531 0.058967 0.113010 0.087173
1 0.733327 0.730675 0.130147 0.032800 0.077293
1 0.046383 0.715286 0.092470 0.037528 0.066939
