1 0.561401 0.832003 0.172499 0.070093 0.787936
0 0.112904 0.779662 0.225808 0.336675 0.604528
1 0.098465 0.918380 0.125001 0.025019 0.494086
0 0.352260 0.711768 0.053693 0.173262 0.391816
2 0.475901 0.932586 0.154635 0.134827 0.236275
0 0.346164 0.704559 0.073167 0.187686 0.236216
2 0.114120 0.777708 0.227832 0.325315 0.231992
0 0.175690 0.683823 0.100789 0.149171 0.122150
2 0.054439 0.854114 0.108099 0.198277 0.116718
0 0.394462 0.807122 0.174467 0.382735 0.109717
2 0.176388 0.685085 0.100640 0.151772 0.096186
2 0.521165 0.898993 0.234034 0.202013 0.084644
