2 0.721275 0.783124 0.555255 0.426628 0.837498
2 0.237204 0.792925 0.298744 0.367270 0.326912
0 0.871893 0.840172 0.240942 0.234732 0.223082
2 0.551965 0.781344 0.889963 0.433680 0.215369
0 0.250268 0.787739 0.276020 0.363065 0.192075
0 0.526922 0.669874 0.057158 0.207957 0.129813
0 0.868176 0.644937 0.263647 0.136116 0.112538
4 0.911115 0.655286 0.030742 0.021002 0.101676
0 0.568380 0.779384 0.192075 0.441231 0.068397
0 0.898079 0.663666 0.203841 0.135762 0.061490
0 0.871523 0.634535 0.117859 0.063800 0.057040
0 0.859534 0.627877 0.149818 0.078273 0.052056
