3 0.158588 0.596333 0.217210 0.161692 0.805182
3 0.795457 0.884950 0.409087 0.229911 0.670094
2 0.071224 0.818071 0.142447 0.353439 0.557253
2 0.359353 0.820266 0.288532 0.351999 0.422521
2 0.544920 0.735083 0.115751 0.055355 0.196021
3 0.699256 0.781405 0.601487 0.437190 0.134641
2 0.068684 0.751782 0.136539 0.217757 0.103081
3 0.548752 0.674432 0.225136 0.134500 0.080149
2 0.260550 0.816503 0.505529 0.359940 0.070609
3 0.542754 0.643295 0.308060 0.210274 0.067797
2 0.617672 0.790969 0.750592 0.411737 0.066737
2 0.552821 0.731090 0.146749 0.069357 0.056546
