1 0.157890 0.826715 0.197717 0.046088 0.566590
3 0.475085 0.634006 0.062404 0.019680 0.465266
4 0.603726 0.778161 0.049186 0.046072 0.431421
2 0.307215 0.839702 0.166729 0.118791 0.361022
0 0.777712 0.854139 0.047498 0.067887 0.284072
3 0.638619 0.648463 0.169423 0.097404 0.247786
1 0.397971 0.813604 0.119439 0.027126 0.189866
0 0.907598 0.911359 0.052937 0.052650 0.132150
2 0.785193 0.905341 0.429613 0.187912 0.130009
2 0.327760 0.836407 0.235050 0.115544 0.121237
2 0.300890 0.826875 0.143322 0.094478 0.082046
1 0.929177 0.921289 0.140961 0.060498 0.063443
0 0.935350 0.917502 0.124896 0.063359 0.061837
