0 0.194032 0.936215 0.059480 0.120557 0.577166
0 0.047800 0.932598 0.074009 0.101142 0.181476
0 0.019347 0.900503 0.037909 0.056816 0.151168
0 0.073189 0.894862 0.105304 0.136969 0.112924
0 0.018314 0.925293 0.036627 0.104527 0.094790
0 0.111893 0.848065 0.045990 0.058597 0.069357
0 0.023114 0.911925 0.046038 0.077731 0.063357
0 0.194771 0.708250 0.021135 0.027914 0.062662
0 0.056976 0.919355 0.073060 0.097368 0.059960
0 0.070730 0.904388 0.124277 0.168874 0.058088
0 0.408262 0.620134 0.020561 0.050389 0.056620
