0 0.074517 0.845716 0.149034 0.115226 0.419453
1 0.170786 0.879022 0.234372 0.029943 0.387960
0 0.064746 0.948538 0.055634 0.046684 0.312806
0 0.512687 0.959090 0.041928 0.081820 0.231015
0 0.072713 0.869540 0.145426 0.152985 0.226009
0 0.309089 0.904617 0.132574 0.190767 0.219313
1 0.164923 0.875380 0.269763 0.038047 0.158098
0 0.501546 0.959023 0.064573 0.081955 0.147223
1 0.139593 0.876730 0.256664 0.031581 0.140776
2 0.408584 0.924772 0.423702 0.150456 0.092839
0 0.283966 0.905038 0.192536 0.189924 0.084226
0 0.370034 0.968029 0.033126 0.063943 0.084181
0 0.068927 0.838941 0.137854 0.087039 0.068656
0 0.332313 0.894921 0.110281 0.208291 0.065061
0 0.361061 0.968128 0.051710 0.063655 0.055135
0 0.326395 0.900216 0.081897 0.180448 0.053122
