0 0.249988 0.856299 0.214487 0.279013 0.853024
1 0.109625 0.921341 0.121909 0.030159 0.676057
0 0.154627 0.765704 0.307862 0.250028 0.532116
1 0.884490 0.762268 0.231020 0.070987 0.221894
1 0.062193 0.778173 0.124229 0.037690 0.196238
1 0.451183 0.700300 0.100201 0.029775 0.161444
1 0.536361 0.703531 0.281549 0.046355 0.156065
1 0.107166 0.780527 0.214332 0.039269 0.116441
0 0.219496 0.706030 0.192211 0.138127 0.111297
0 0.117010 0.783434 0.233575 0.205796 0.095629
0 0.065412 0.839834 0.130825 0.127576 0.053253
