0 0.459608 0.842784 0.076300 0.294765 0.487593
2 0.385241 0.609610 0.051584 0.076248 0.432158
0 0.103801 0.964865 0.040367 0.064370 0.426535
0 0.189117 0.852387 0.096498 0.207254 0.342208
0 0.164367 0.915031 0.049979 0.088411 0.319858
0 0.334404 0.550789 0.013399 0.041794 0.317109
0 0.485506 0.931739 0.025832 0.121141 0.256867
0 0.439773 0.786596 0.036095 0.166967 0.255629
2 0.389969 0.611234 0.035196 0.073455 0.236451
1 0.313348 0.660734 0.272645 0.033440 0.216802
0 0.203840 0.624184 0.053359 0.054677 0.203087
2 0.391035 0.602680 0.030175 0.073187 0.181806
0 0.276501 0.719785 0.016603 0.026717 0.178101
0 0.397811 0.687889 0.012882 0.044057 0.159820
0 0.314853 0.617974 0.020239 0.065307 0.150374
0 0.422195 0.687698 0.014171 0.048198 0.136513
0 0.256389 0.683896 0.018710 0.026857 0.131266
1 0.293588 0.658216 0.244134 0.024557 0.124819
0 0.149438 0.670532 0.021578 0.027125 0.118565
2 0.387408 0.587921 0.024502 0.041133 0.117589
0 0.184653 0.640193 0.015232 0.024654 0.109057
1 0.336588 0.660932 0.251844 0.022723 0.106614
0 0.208518 0.804186 0.056668 0.111886 0.099112
0 0.425838 0.698676 0.021025 0.076869 0.078349
1 0.369475 0.660526 0.197675 0.020846 0.077360
0 0.336777 0.537216 0.014463 0.041891 0.075321
1 0.445338 0.660756 0.061535 0.018412 0.069641
0 0.398323 0.692626 0.015474 0.054116 0.067197
0 0.206064 0.810099 0.044344 0.098315 0.066355
0 0.311503 0.619096 0.026053 0.073059 0.065765
0 0.436539 0.766539 0.038991 0.205678 0.062699
1 0.273561 0.652700 0.270942 0.027383 0.057600
0 0.247645 0.755550 0.016536 0.035384 0.057218
1 0.292093 0.668399 0.186096 0.043431 0.056170
0 0.336905 0.544328 0.018113 0.048639 0.055381
0 0.274801 0.721376 0.020644 0.032138 0.053481
0 0.178063 0.873430 0.077297 0.167586 0.052058
2 0.299824 0.621807 0.046235 0.081344 0.051876
0 0.310518 0.635332 0.018667 0.047236 0.051400
0 0.335579 0.556379 0.014094 0.032032 0.051243
1 0.237117 0.661107 0.138631 0.018078 0.051025
4 0.100010 0.710557 0.024104 0.017645 0.050623
0 0.251019 0.687156 0.025566 0.030376 0.050405
