0 0.638077 0.827656 0.093133 0.123666 0.762200
0 0.274475 0.786167 0.054840 0.106351 0.295453
1 0.237746 0.809459 0.247591 0.045761 0.283476
1 0.537168 0.798132 0.168156 0.038325 0.261699
0 0.538559 0.702431 0.081989 0.098543 0.256619
1 0.531592 0.804572 0.180030 0.049193 0.202456
0 0.271906 0.785061 0.076776 0.111013 0.156741
1 0.529242 0.813123 0.178834 0.050074 0.126810
1 0.514629 0.818856 0.149825 0.037801 0.123022
0 0.593351 0.776776 0.180138 0.221857 0.100295
0 0.248556 0.786057 0.132817 0.101649 0.090152
1 0.502555 0.819970 0.114004 0.034450 0.089618
1 0.360629 0.812244 0.507593 0.057487 0.075278
0 0.286400 0.774052 0.096764 0.131028 0.071024
1 0.568778 0.808064 0.243594 0.053200 0.052319
1 0.170443 0.843627 0.149700 0.038365 0.050228
