0 0.204230 0.759364 0.086155 0.135413 0.665220
0 0.407016 0.945971 0.021830 0.102276 0.516489
0 0.440929 0.765239 0.017930 0.078629 0.515028
0 0.499718 0.671960 0.032255 0.050745 0.464057
0 0.420616 0.843593 0.016059 0.070864 0.411701
0 0.333889 0.711677 0.012866 0.029391 0.392758
0 0.442425 0.900781 0.059635 0.189305 0.297098
0 0.390148 0.649161 0.016516 0.034160 0.291630
0 0.459713 0.933015 0.024399 0.122854 0.274974
0 0.219746 0.911303 0.066841 0.169152 0.267633
0 0.256203 0.835488 0.129552 0.319848 0.260364
0 0.383470 0.712398 0.032042 0.066782 0.230898
0 0.387928 0.646190 0.019176 0.035305 0.158494
0 0.408863 0.917950 0.017636 0.158188 0.123821
0 0.225124 0.627441 0.042707 0.050283 0.121159
0 0.218438 0.631092 0.055240 0.056742 0.111145
0 0.388124 0.709599 0.029515 0.068101 0.108367
0 0.292583 0.739139 0.066481 0.183634 0.099173
1 0.400251 0.670658 0.199559 0.024597 0.098424
0 0.377897 0.687346 0.029497 0.032207 0.094500
0 0.232324 0.903648 0.084811 0.183071 0.090255
0 0.379486 0.715842 0.037100 0.076769 0.088140
0 0.391309 0.652665 0.020072 0.044695 0.086441
0 0.178065 0.983762 0.019751 0.026981 0.086012
1 0.422304 0.670668 0.142136 0.018654 0.082697
0 0.359333 0.754511 0.012141 0.022203 0.081756
0 0.211588 0.637783 0.066591 0.066808 0.078733
0 0.326338 0.630522 0.015615 0.086201 0.069302
0 0.337167 0.713301 0.015105 0.028551 0.068643
0 0.423744 0.849155 0.023246 0.084901 0.066795
1 0.441014 0.671024 0.101584 0.019107 0.066209
0 0.227726 0.622539 0.052507 0.060113 0.066207
0 0.137176 0.765010 0.040332 0.057949 0.062189
0 0.225875 0.897007 0.054762 0.139697 0.060868
1 0.357658 0.683437 0.078134 0.022828 0.058923
1 0.372230 0.674648 0.108069 0.020639 0.058482
0 0.219084 0.930046 0.054920 0.135336 0.057958
0 0.070306 0.894513 0.139300 0.187796 0.055092
0 0.272511 0.807278 0.115681 0.353195 0.055020
1 0.408220 0.689924 0.159309 0.044409 0.054883
0 0.209866 0.744132 0.076760 0.110333 0.052547
0 0.323153 0.645800 0.015984 0.067709 0.051998
0 0.334394 0.715537 0.013442 0.043163 0.051291
0 0.402331 0.686638 0.014021 0.025317 0.051115
1 0.356312 0.674913 0.078964 0.021032 0.050455
1 0.393546 0.701540 0.090205 0.080356 0.050263
0 0.244745 0.861955 0.108435 0.268150 0.050223
