3 0.873098 0.875731 0.253804 0.177313 0.591386
2 0.527139 0.872759 0.190535 0.197336 0.304137
0 0.514656 0.918176 0.178059 0.107884 0.260612
2 0.833122 0.880381 0.316892 0.187339 0.216038
0 0.820346 0.876328 0.298083 0.192385 0.169047
2 0.871039 0.898347 0.256231 0.152369 0.149399
0 0.735180 0.832068 0.152135 0.120115 0.128409
2 0.517199 0.907662 0.182435 0.128803 0.126316
2 0.554521 0.870350 0.131464 0.197495 0.113875
0 0.697844 0.807959 0.067176 0.069700 0.074274
3 0.901456 0.903361 0.197087 0.143042 0.061153
0 0.922239 0.845638 0.137362 0.055809 0.059415
3 0.947068 0.920989 0.105492 0.111927 0.052906
2 0.581946 0.803739 0.076546 0.077175 0.050407
