1 0.610225 0.657678 0.273366 0.060783 0.693516
1 0.551479 0.558610 0.224364 0.041346 0.458110
0 0.430197 0.736274 0.089690 0.399314 0.437287
0 0.449312 0.671598 0.110391 0.619446 0.197520
1 0.451962 0.903942 0.375363 0.089704 0.187215
0 0.440697 0.682424 0.096237 0.437402 0.181258
2 0.168874 0.731380 0.337748 0.512060 0.150421
0 0.175480 0.723519 0.349674 0.530568 0.148987
0 0.389992 0.676830 0.221839 0.627791 0.143728
1 0.378223 0.920678 0.558195 0.135703 0.131562
1 0.519415 0.887982 0.163058 0.051830 0.085093
1 0.406047 0.910793 0.410826 0.094223 0.073099
1 0.587489 0.560994 0.284066 0.051787 0.056044
