4 0.106089 0.885639 0.155904 0.072791 0.788772
2 0.357683 0.865648 0.707614 0.268542 0.509041
3 0.053471 0.695764 0.080136 0.025387 0.397903
4 0.378386 0.711774 0.128181 0.046076 0.318772
4 0.408864 0.951006 0.122484 0.095082 0.155988
4 0.404865 0.717336 0.191662 0.063162 0.144119
4 0.383931 0.713107 0.109285 0.035695 0.138243
2 0.161781 0.905174 0.323563 0.189434 0.121272
4 0.410395 0.710625 0.166762 0.043008 0.109496
3 0.050343 0.694389 0.092446 0.031929 0.087107
4 0.473250 0.742888 0.054274 0.021649 0.086333
4 0.876155 0.968268 0.107170 0.062230 0.066334
4 0.463962 0.743788 0.074418 0.025046 0.063676
4 0.070975 0.981640 0.117958 0.036720 0.056251
