0 0.739974 0.849034 0.115172 0.210319 0.546829
2 0.401708 0.823287 0.793853 0.242878 0.294948
4 0.268794 0.720801 0.073840 0.042724 0.239229
2 0.277004 0.800579 0.538806 0.196033 0.233209
2 0.568284 0.832577 0.472948 0.234764 0.161693
0 0.609932 0.735182 0.039967 0.104386 0.158404
2 0.681562 0.846841 0.250350 0.200986 0.147647
2 0.366274 0.807898 0.350878 0.193936 0.126993
2 0.537917 0.853654 0.428991 0.146669 0.104699
2 0.446855 0.849360 0.161752 0.097634 0.095236
2 0.180831 0.798966 0.360193 0.144614 0.086942
2 0.431336 0.803003 0.224965 0.198336 0.059906
2 0.435391 0.825874 0.202036 0.149853 0.058659
0 0.512649 0.738016 0.070130 0.087797 0.050926
