4 0.549879 0.272837 0.141512 0.082729 0.570769
4 0.737675 0.534164 0.180915 0.135226 0.462567
4 0.571232 0.207687 0.092044 0.060656 0.208790
4 0.784380 0.527580 0.277085 0.146542 0.149330
4 0.302243 0.122018 0.137724 0.098250 0.136084
4 0.223035 0.147908 0.329966 0.146902 0.094215
4 0.660304 0.235739 0.311322 0.144218 0.091877
4 0.049975 0.600673 0.099951 0.155244 0.069912
4 0.432144 0.581047 0.174043 0.172234 0.069832
4 0.257058 0.542029 0.510108 0.369197 0.063592
4 0.347407 0.140681 0.078525 0.054242 0.061090
4 0.618303 0.339935 0.097064 0.075111 0.059568
4 0.041036 0.453257 0.082071 0.149019 0.050626
