1 0.162459 0.911748 0.324918 0.055682 0.670240
0 0.340834 0.794701 0.092360 0.170679 0.633169
1 0.666187 0.759622 0.298423 0.072664 0.540211
1 0.831783 0.859928 0.301627 0.087395 0.331971
1 0.884402 0.880051 0.203047 0.041993 0.275861
1 0.714246 0.749451 0.195289 0.049810 0.274856
1 0.530083 0.842489 0.165502 0.065403 0.211904
1 0.310138 0.878242 0.620276 0.120671 0.182156
1 0.751101 0.839941 0.145848 0.055498 0.154344
1 0.644408 0.842727 0.388724 0.068332 0.120584
1 0.436219 0.852338 0.872437 0.171135 0.098437
1 0.969047 0.929361 0.061905 0.047435 0.075593
1 0.638005 0.795996 0.367842 0.146081 0.070531
1 0.637497 0.767693 0.354696 0.087672 0.067940
0 0.322694 0.807781 0.054095 0.151946 0.067845
1 0.840955 0.874869 0.287570 0.056900 0.067730
1 0.209165 0.897453 0.418330 0.086517 0.062696
0 0.322113 0.850531 0.087056 0.298939 0.058261
1 0.664170 0.860176 0.580519 0.151520 0.052017
