3 0.374943 0.839093 0.164169 0.225029 0.478720
3 0.465506 0.722929 0.093885 0.142019 0.206563
3 0.396734 0.803451 0.175894 0.272978 0.143017
3 0.489793 0.687419 0.108695 0.128610 0.112948
3 0.358271 0.858623 0.167714 0.202357 0.107354
2 0.409656 0.861759 0.270606 0.187540 0.105651
3 0.020147 0.736094 0.040293 0.038728 0.092410
3 0.498948 0.676390 0.097229 0.109961 0.084815
3 0.474295 0.704708 0.111861 0.148610 0.083107
3 0.510017 0.664306 0.081419 0.090750 0.071560
3 0.423453 0.769289 0.155079 0.235937 0.056540
3 0.449141 0.730331 0.113599 0.158224 0.054548
