0 0.701117 0.859743 0.125555 0.134955 0.807466
0 0.880027 0.873755 0.239927 0.168216 0.724110
0 0.447433 0.701535 0.038464 0.090419 0.676958
0 0.517165 0.901080 0.092089 0.197841 0.565074
1 0.449328 0.722039 0.627763 0.137255 0.504987
1 0.272952 0.769680 0.265658 0.039990 0.429390
0 0.027069 0.940791 0.053702 0.058283 0.341124
1 0.427781 0.755848 0.589434 0.078044 0.333351
0 0.489940 0.820491 0.148192 0.357359 0.328539
1 0.623712 0.697778 0.285926 0.078073 0.207768
1 0.208961 0.785281 0.417922 0.072455 0.127599
0 0.675541 0.642748 0.114485 0.059823 0.110732
1 0.388363 0.741149 0.727307 0.135388 0.103351
1 0.256143 0.775355 0.293178 0.052807 0.077507
1 0.508573 0.640862 0.516310 0.046889 0.067387
1 0.514203 0.680086 0.137610 0.024194 0.066063
0 0.026747 0.954906 0.052959 0.086589 0.051662
