0 0.249503 0.920027 0.031888 0.149467 0.659546
4 0.396459 0.747003 0.060368 0.044122 0.282799
4 0.727226 0.737432 0.033701 0.025882 0.178563
0 0.071875 0.894460 0.090525 0.059136 0.141513
1 0.071751 0.894863 0.095202 0.060846 0.141011
0 0.279792 0.657316 0.025486 0.090400 0.135172
4 0.392281 0.800389 0.029937 0.026731 0.121377
4 0.382256 0.807483 0.053385 0.040522 0.106524
1 0.127337 0.882910 0.213757 0.062777 0.095760
4 0.379191 0.814132 0.058945 0.055187 0.074346
1 0.146780 0.875574 0.185926 0.041077 0.050395
