0 0.482171 0.936564 0.022801 0.122785 0.555595
0 0.102211 0.753337 0.120003 0.106766 0.522245
1 0.270129 0.797432 0.527655 0.050619 0.430331
0 0.114054 0.740675 0.143069 0.130334 0.362682
0 0.487526 0.824700 0.018454 0.060119 0.352146
0 0.483090 0.905045 0.022598 0.184263 0.337803
0 0.236184 0.633162 0.069224 0.058403 0.202756
0 0.127309 0.724145 0.169704 0.156724 0.121156
0 0.152386 0.704281 0.217176 0.197516 0.120432
1 0.281013 0.789822 0.517960 0.037445 0.114359
0 0.224610 0.643139 0.095017 0.077405 0.088639
0 0.095897 0.751416 0.173380 0.144888 0.086608
0 0.243922 0.627964 0.088576 0.073834 0.080258
0 0.247687 0.624479 0.114273 0.097343 0.072142
0 0.489042 0.821837 0.021995 0.073580 0.057736
0 0.417940 0.595381 0.015293 0.048110 0.057524
