0 0.310602 0.822972 0.038152 0.246721 0.740674
0 0.046105 0.920887 0.044422 0.055160 0.683883
0 0.291768 0.632675 0.014029 0.064783 0.309064
0 0.290880 0.625881 0.016693 0.080814 0.284080
0 0.289249 0.610388 0.019370 0.111285 0.262228
0 0.285974 0.603351 0.023765 0.133079 0.261393
0 0.282839 0.554835 0.014811 0.033697 0.222135
0 0.281587 0.689641 0.013194 0.048138 0.212047
0 0.285761 0.582350 0.020328 0.090621 0.115275
0 0.273246 0.672661 0.013306 0.032760 0.094109
0 0.313445 0.805806 0.030585 0.205641 0.074838
0 0.276457 0.683030 0.020938 0.055360 0.068667
0 0.281016 0.546814 0.015605 0.045055 0.056981
0 0.282979 0.676223 0.022020 0.078482 0.056237
0 0.285510 0.631622 0.017901 0.167757 0.055670
