2 0.707947 0.732090 0.581420 0.535647 0.734024
4 0.748793 0.770370 0.091554 0.077401 0.421794
4 0.862808 0.880721 0.120163 0.107025 0.403231
2 0.204415 0.661278 0.297826 0.273077 0.343075
4 0.190857 0.678981 0.119232 0.121914 0.279116
3 0.704756 0.726109 0.588384 0.544710 0.203190
4 0.203428 0.655090 0.250984 0.200272 0.174195
4 0.183638 0.709096 0.069661 0.073285 0.162163
2 0.207245 0.644932 0.256383 0.216783 0.126385
4 0.214824 0.665938 0.156403 0.103279 0.074828
4 0.222216 0.677702 0.183846 0.131960 0.056569
4 0.196851 0.650036 0.093890 0.056952 0.056251
0 0.337888 0.785832 0.078211 0.182963 0.051077
0 0.351962 0.805125 0.103878 0.231729 0.050899
