2 0.960406 0.916554 0.079188 0.165519 0.358761
2 0.671326 0.894759 0.341581 0.210482 0.335294
2 0.573634 0.876167 0.146895 0.247665 0.316702
2 0.782597 0.669859 0.102118 0.071954 0.280207
4 0.744885 0.900760 0.066539 0.034767 0.255652
4 0.062419 0.741062 0.124838 0.075879 0.150585
2 0.844268 0.672880 0.228503 0.103544 0.126397
2 0.061401 0.739792 0.122801 0.080919 0.100035
2 0.362018 0.743165 0.143147 0.077385 0.095011
2 0.951540 0.899408 0.096595 0.199926 0.064909
2 0.072742 0.732008 0.145484 0.100960 0.058229
0 0.081224 0.826928 0.138872 0.095899 0.055078
2 0.743923 0.898173 0.496940 0.203444 0.054440
4 0.054886 0.637185 0.109367 0.068930 0.050016
