0 0.089836 0.767618 0.179196 0.188150 0.331649
0 0.210624 0.638924 0.098186 0.092095 0.209982
0 0.061059 0.785556 0.121423 0.109827 0.170912
0 0.111171 0.742771 0.137354 0.130788 0.148455
0 0.070426 0.792468 0.140678 0.170902 0.101136
0 0.219722 0.629198 0.097849 0.091837 0.099234
0 0.224609 0.625616 0.070882 0.064713 0.096128
0 0.224258 0.626469 0.117830 0.110079 0.089908
0 0.212687 0.640882 0.116422 0.119661 0.077619
0 0.204841 0.644954 0.081666 0.068832 0.077350
0 0.147831 0.709697 0.062782 0.062909 0.061689
0 0.235605 0.616304 0.061569 0.060127 0.056812
0 0.198576 0.656234 0.117098 0.127756 0.053254
