2 0.830481 0.896285 0.338388 0.207430 0.694248
2 0.348875 0.766957 0.522866 0.114800 0.589569
3 0.417241 0.683369 0.272734 0.041051 0.307546
2 0.050433 0.897642 0.100865 0.198698 0.241515
2 0.306706 0.788931 0.609161 0.148369 0.110698
2 0.442702 0.757798 0.333004 0.102635 0.108680
2 0.037592 0.874504 0.074774 0.133132 0.094409
2 0.051050 0.865295 0.101809 0.139992 0.083709
2 0.202645 0.792927 0.161520 0.062429 0.081326
2 0.035868 0.902617 0.071657 0.193073 0.075219
3 0.137446 0.644203 0.274194 0.113364 0.068507
