0 0.194831 0.781633 0.230079 0.376783 0.616810
0 0.447649 0.831277 0.099054 0.336379 0.611818
0 0.735053 0.907287 0.148459 0.182285 0.594989
1 0.549410 0.822803 0.189504 0.045546 0.548674
1 0.159931 0.675123 0.181535 0.027010 0.526401
0 0.583012 0.716504 0.088930 0.105862 0.491405
0 0.912725 0.897262 0.170351 0.136829 0.318026
0 0.896712 0.884543 0.135725 0.111468 0.240131
0 0.303987 0.669159 0.032290 0.052073 0.190735
1 0.210497 0.627974 0.140045 0.021649 0.177573
0 0.590818 0.725012 0.071678 0.089857 0.120451
1 0.128170 0.670729 0.253670 0.036449 0.113162
2 0.485937 0.831522 0.182700 0.335503 0.102814
