3 0.357087 0.694436 0.167301 0.111059 0.704072
3 0.721723 0.819105 0.518211 0.348826 0.594731
1 0.600147 0.915447 0.324152 0.051156 0.558439
1 0.930504 0.933578 0.138992 0.041061 0.474923
0 0.423258 0.848743 0.064064 0.282568 0.335921
0 0.432197 0.853441 0.088845 0.292406 0.203562
1 0.670295 0.916771 0.476305 0.055926 0.132571
1 0.845386 0.929168 0.309227 0.047104 0.115636
1 0.472303 0.883640 0.072609 0.019472 0.091782
0 0.443298 0.955400 0.068047 0.089200 0.061647
1 0.927431 0.941657 0.145138 0.066581 0.053377
3 0.423370 0.646276 0.106104 0.022228 0.052006
