0 0.520533 0.868885 0.137102 0.260556 0.508905
0 0.484841 0.809039 0.065342 0.150897 0.194645
4 0.559361 0.766528 0.040459 0.021042 0.156747
0 0.922159 0.882059 0.155603 0.090688 0.151890
0 0.187668 0.949072 0.131866 0.101426 0.132436
0 0.921242 0.867099 0.157516 0.063732 0.110279
0 0.561196 0.953970 0.107770 0.092060 0.085968
0 0.551636 0.870697 0.193155 0.258607 0.080925
0 0.188869 0.955330 0.104692 0.089339 0.076361
0 0.207967 0.942979 0.121384 0.113667 0.076222
0 0.546151 0.954071 0.074010 0.091858 0.053783
0 0.207756 0.949499 0.089668 0.101001 0.051323
