0 0.592977 0.929173 0.034119 0.057717 0.555327
0 0.543083 0.825895 0.016020 0.028220 0.471470
0 0.443418 0.649539 0.013251 0.034200 0.343238
1 0.334335 0.754942 0.396209 0.050307 0.341758
0 0.456843 0.762309 0.008456 0.024174 0.247836
0 0.458643 0.708754 0.009948 0.027695 0.216869
1 0.348146 0.752891 0.372689 0.036652 0.170967
0 0.432217 0.729408 0.011908 0.023395 0.123678
0 0.598410 0.945337 0.045199 0.094450 0.100558
0 0.456860 0.765474 0.009824 0.032296 0.099165
0 0.495404 0.726676 0.013975 0.032724 0.090504
0 0.494908 0.720928 0.013216 0.035803 0.087231
1 0.351833 0.743086 0.346443 0.034085 0.080839
0 0.467409 0.671363 0.011342 0.023441 0.079036
0 0.450143 0.677132 0.028538 0.096651 0.072802
0 0.535917 0.767469 0.035953 0.067201 0.070675
0 0.432220 0.722857 0.011087 0.030059 0.067306
0 0.540594 0.825254 0.022344 0.028287 0.066023
0 0.532176 0.759692 0.028057 0.047349 0.065380
1 0.366262 0.749354 0.337466 0.027671 0.063759
0 0.457250 0.701363 0.018458 0.047537 0.063156
0 0.431439 0.561017 0.017883 0.046948 0.056854
0 0.518395 0.739504 0.032419 0.052045 0.054296
0 0.453779 0.658550 0.034520 0.055674 0.051231
