4 0.922546 0.941387 0.049196 0.034655 0.486555
4 0.737755 0.886730 0.036336 0.024932 0.456312
4 0.973963 0.979355 0.052075 0.041290 0.403809
1 0.699718 0.684251 0.186244 0.033801 0.322619
4 0.384237 0.872284 0.036129 0.030330 0.263605
4 0.738073 0.918141 0.033577 0.023566 0.239224
2 0.320865 0.874754 0.278746 0.250492 0.176679
2 0.322451 0.928134 0.242252 0.142849 0.166884
0 0.834445 0.838674 0.069516 0.084553 0.147316
2 0.139280 0.770178 0.278135 0.199005 0.136738
4 0.715851 0.869066 0.092402 0.059609 0.105847
4 0.699950 0.860959 0.056011 0.043100 0.101134
4 0.928606 0.944041 0.069975 0.039263 0.099392
2 0.252001 0.849716 0.419070 0.300564 0.082850
2 0.296547 0.899246 0.333384 0.201509 0.078392
4 0.738017 0.902601 0.040685 0.053011 0.073851
4 0.738069 0.919255 0.041103 0.029805 0.063683
2 0.928746 0.775448 0.142508 0.150142 0.062472
4 0.736210 0.884983 0.045895 0.033044 0.059584
4 0.388375 0.872575 0.047190 0.034311 0.057514
4 0.736222 0.914854 0.044905 0.033554 0.054093
4 0.721002 0.879177 0.079675 0.047966 0.053736
4 0.711705 0.862789 0.082431 0.046677 0.052368
2 0.913880 0.780488 0.172239 0.178117 0.051028
