4 0.470457 0.626186 0.157696 0.052903 0.636706
4 0.858861 0.761235 0.281561 0.189226 0.425512
4 0.174601 0.925263 0.347868 0.149475 0.424793
4 0.424668 0.699165 0.260894 0.094936 0.368349
4 0.667390 0.703928 0.111018 0.061408 0.354783
4 0.588306 0.689944 0.039912 0.044982 0.342060
4 0.490029 0.559483 0.196961 0.044489 0.302035
4 0.436769 0.557347 0.098507 0.035214 0.180449
4 0.753474 0.768520 0.492866 0.206267 0.179090
4 0.254926 0.611256 0.073286 0.042801 0.175929
2 0.699650 0.785456 0.408150 0.178096 0.165093
4 0.395490 0.682959 0.125448 0.055584 0.146963
4 0.386203 0.689701 0.146575 0.071798 0.135004
4 0.461262 0.558446 0.145125 0.038853 0.115703
4 0.585663 0.690204 0.048611 0.054484 0.084468
4 0.411198 0.716397 0.293642 0.137366 0.082683
4 0.514708 0.686900 0.088734 0.067740 0.077911
4 0.374218 0.696469 0.179443 0.089376 0.069124
4 0.307917 0.818188 0.615475 0.343405 0.054097
4 0.262699 0.609042 0.086327 0.050594 0.052684
