1 0.486316 0.761884 0.270213 0.051809 0.736191
1 0.664407 0.646013 0.202622 0.036423 0.717514
2 0.694967 0.831857 0.192966 0.153112 0.662123
1 0.474769 0.618790 0.164038 0.031016 0.352291
2 0.268309 0.855445 0.181867 0.249955 0.288175
2 0.270373 0.828104 0.219018 0.320384 0.187769
1 0.103210 0.737709 0.201987 0.039888 0.137619
2 0.280504 0.779429 0.265801 0.401857 0.123618
1 0.888104 0.870348 0.222568 0.053980 0.070097
1 0.546785 0.526689 0.080637 0.020734 0.064482
1 0.885799 0.866147 0.210182 0.039514 0.062283
