0 0.035141 0.917059 0.070283 0.156582 0.312295
0 0.068852 0.892012 0.137703 0.193356 0.252766
2 0.532383 0.822494 0.242918 0.346496 0.224594
0 0.313601 0.833821 0.050331 0.082097 0.195077
0 0.408129 0.897988 0.044077 0.086683 0.166681
0 0.305673 0.937747 0.037101 0.113335 0.146656
0 0.296155 0.938097 0.054631 0.108774 0.142239
2 0.527016 0.820757 0.164017 0.343288 0.142132
0 0.119776 0.820388 0.041825 0.041612 0.131461
0 0.286908 0.750125 0.140368 0.157206 0.131223
0 0.311765 0.940755 0.026588 0.107363 0.125926
0 0.035244 0.893280 0.070488 0.104886 0.124899
0 0.307749 0.840930 0.046028 0.077783 0.121999
0 0.380924 0.703554 0.031546 0.068080 0.119321
0 0.338087 0.775500 0.086148 0.175988 0.114059
0 0.301608 0.895576 0.063458 0.190987 0.092400
0 0.422070 0.848091 0.073608 0.191389 0.089842
0 0.044357 0.906193 0.088713 0.176648 0.089776
2 0.491570 0.816650 0.216718 0.339051 0.083463
0 0.302608 0.728382 0.110168 0.111574 0.080781
2 0.492136 0.605170 0.032254 0.068589 0.079773
0 0.423805 0.811231 0.078931 0.274402 0.074063
0 0.239597 0.802091 0.059516 0.058332 0.071357
0 0.388286 0.923477 0.090037 0.135127 0.070406
0 0.246916 0.691595 0.069573 0.062212 0.069454
2 0.579675 0.825756 0.173558 0.338167 0.068024
0 0.377588 0.708880 0.026296 0.060072 0.066860
0 0.395685 0.924703 0.064380 0.128891 0.065850
0 0.309038 0.957189 0.019993 0.074792 0.065777
2 0.447139 0.803468 0.120677 0.287338 0.064665
0 0.384476 0.695115 0.032594 0.061867 0.063775
2 0.538476 0.853441 0.091832 0.278386 0.063598
0 0.291147 0.945135 0.042362 0.090375 0.062568
0 0.299873 0.850101 0.059567 0.090257 0.062121
0 0.378904 0.701947 0.042766 0.082279 0.060948
0 0.562452 0.948693 0.030228 0.089604 0.060794
0 0.421361 0.877949 0.073528 0.127743 0.060547
0 0.268501 0.767785 0.108891 0.126982 0.057269
0 0.225480 0.707355 0.106006 0.090708 0.057001
0 0.540657 0.884239 0.079426 0.220712 0.054721
0 0.313108 0.712656 0.089657 0.085298 0.054712
0 0.234473 0.809043 0.053757 0.048064 0.054244
2 0.476816 0.752676 0.104996 0.205799 0.052879
