0 0.525027 0.952552 0.035810 0.092381 0.716281
0 0.024732 0.943600 0.048376 0.102431 0.203863
2 0.119738 0.859921 0.237238 0.271685 0.189209
0 0.030330 0.939019 0.036783 0.095460 0.159486
0 0.039330 0.927537 0.018545 0.060920 0.140082
0 0.035859 0.933673 0.026664 0.091885 0.118630
0 0.208261 0.759398 0.031874 0.044359 0.075593
0 0.010048 0.978058 0.020096 0.032783 0.072113
2 0.156315 0.836672 0.307992 0.320591 0.067622
0 0.014844 0.973563 0.029688 0.045882 0.066698
0 0.021556 0.957204 0.043060 0.077301 0.052385
