2 0.659841 0.778614 0.561223 0.403412 0.632541
1 0.261206 0.685364 0.374305 0.044905 0.604028
1 0.875729 0.656439 0.214421 0.035767 0.503839
1 0.862022 0.762757 0.264894 0.048242 0.434469
1 0.718738 0.788486 0.293987 0.049836 0.386010
1 0.680030 0.665297 0.221110 0.040713 0.328604
1 0.215602 0.952153 0.429637 0.088681 0.205889
1 0.257457 0.965800 0.338025 0.049400 0.178216
2 0.486902 0.781879 0.959721 0.420847 0.157774
1 0.760885 0.785210 0.416627 0.059792 0.149531
1 0.398057 0.963494 0.618085 0.052343 0.136442
1 0.223023 0.961736 0.408972 0.062446 0.123572
1 0.247889 0.577662 0.110262 0.025588 0.105858
1 0.730744 0.841867 0.243013 0.035999 0.089979
2 0.061242 0.952482 0.121886 0.092245 0.070258
4 0.826186 0.188307 0.049931 0.031269 0.064154
1 0.784377 0.769580 0.423848 0.061359 0.061113
