3 0.779201 0.454610 0.131937 0.035613 0.750379
3 0.962014 0.446802 0.075972 0.035259 0.737223
3 0.629916 0.521875 0.069340 0.031537 0.715646
3 0.655250 0.320705 0.082606 0.018979 0.671539
3 0.414457 0.319428 0.066433 0.017476 0.652900
3 0.540856 0.574297 0.088743 0.352361 0.419174
3 0.545784 0.672921 0.101320 0.552186 0.417449
3 0.961440 0.453665 0.076314 0.050690 0.075689
1 0.462335 0.592775 0.234920 0.039584 0.073312
0 0.704308 0.369243 0.063804 0.075954 0.053808
1 0.961799 0.592485 0.076390 0.036671 0.051093
