0 0.407718 0.259865 0.072735 0.503163 0.705242
1 0.434673 0.530956 0.476548 0.114330 0.476009
1 0.597345 0.558271 0.805310 0.175718 0.453685
0 0.555550 0.369669 0.042636 0.447779 0.381553
0 0.807679 0.523169 0.067361 0.353439 0.367210
1 0.908383 0.617206 0.183234 0.047715 0.332380
2 0.410435 0.014000 0.072417 0.027808 0.323692
0 0.977336 0.828454 0.044984 0.343091 0.221800
0 0.820425 0.428054 0.043547 0.161687 0.203018
0 0.977952 0.880341 0.044097 0.239318 0.155523
0 0.817818 0.376334 0.058968 0.561455 0.128005
0 0.977452 0.216259 0.043106 0.431195 0.124361
0 0.981797 0.286853 0.035178 0.569705 0.118118
0 0.408657 0.175036 0.074022 0.342303 0.117610
0 0.809453 0.346708 0.080707 0.693415 0.069359
0 0.807191 0.094880 0.073551 0.188928 0.067987
