2 0.583444 0.579712 0.326593 0.141400 0.616879
3 0.545250 0.674373 0.909501 0.072588 0.506970
3 0.384976 0.511189 0.058935 0.016776 0.343036
2 0.500349 0.817007 0.999302 0.343828 0.227548
2 0.502005 0.889108 0.995990 0.171672 0.224037
1 0.044075 0.674899 0.088151 0.024598 0.149132
3 0.510458 0.805514 0.977791 0.338796 0.116313
1 0.845049 0.757505 0.309037 0.104316 0.101439
3 0.681374 0.668620 0.637253 0.083280 0.085393
2 0.556594 0.595673 0.174783 0.111019 0.084682
3 0.536166 0.691747 0.927667 0.108659 0.074111
3 0.535386 0.710013 0.929228 0.154636 0.055580
3 0.965345 0.535366 0.068848 0.040830 0.053013
3 0.381018 0.511742 0.056109 0.012618 0.050895
