3 0.173965 0.807124 0.347931 0.385751 0.809421
3 0.172121 0.910682 0.094764 0.041653 0.737325
2 0.299877 0.905975 0.172366 0.186295 0.705754
1 0.780058 0.779080 0.274686 0.035864 0.533618
1 0.496067 0.906293 0.268893 0.040068 0.239068
2 0.704649 0.877654 0.338177 0.244424 0.205158
2 0.754251 0.918987 0.257290 0.161231 0.091329
3 0.554534 0.688853 0.078283 0.072968 0.086054
1 0.922870 0.991096 0.153978 0.017808 0.083801
2 0.716985 0.910710 0.264072 0.176381 0.077144
2 0.778969 0.935174 0.223801 0.129158 0.064468
