3 0.509461 0.230739 0.271519 0.163862 0.926723
2 0.328214 0.620032 0.301507 0.212629 0.916954
4 0.453414 0.540134 0.035175 0.063353 0.848086
4 0.214307 0.615136 0.034651 0.062269 0.804561
4 0.523175 0.324723 0.027006 0.040512 0.717148
1 0.251497 0.221353 0.251375 0.040740 0.711815
1 0.591987 0.347538 0.114876 0.024340 0.627623
1 0.252049 0.492913 0.501899 0.034848 0.594998
0 0.081011 0.159697 0.079348 0.091276 0.506079
0 0.356447 0.100331 0.009936 0.051715 0.482376
0 0.528096 0.437131 0.018597 0.168404 0.475159
1 0.676953 0.800557 0.645799 0.161687 0.465195
1 0.592343 0.351556 0.113820 0.018609 0.315527
0 0.056194 0.073643 0.054030 0.075456 0.305927
0 0.041270 0.086282 0.024357 0.049996 0.158464
2 0.127717 0.642281 0.251576 0.223868 0.156988
0 0.046521 0.081942 0.034946 0.057899 0.131524
1 0.805409 0.849061 0.385211 0.056293 0.113599
0 0.476888 0.760273 0.253084 0.089828 0.098917
0 0.037021 0.088985 0.016097 0.050305 0.098261
0 0.360093 0.088885 0.011962 0.076571 0.092050
1 0.477740 0.761268 0.251756 0.087882 0.085483
0 0.527589 0.440920 0.014763 0.148189 0.060664
