2 0.606022 0.838549 0.122080 0.313950 0.289017
0 0.604829 0.840001 0.119198 0.314295 0.285750
2 0.357691 0.726542 0.092962 0.135681 0.202583
0 0.554479 0.701607 0.023089 0.065403 0.146466
0 0.523207 0.593970 0.011695 0.034853 0.144198
0 0.492746 0.630284 0.016397 0.042048 0.123502
0 0.569178 0.807727 0.045995 0.222513 0.114986
2 0.366210 0.709406 0.105785 0.165424 0.096775
0 0.526547 0.593519 0.011925 0.034564 0.095526
0 0.386459 0.755519 0.030089 0.060407 0.086166
0 0.624745 0.902600 0.083581 0.188793 0.085170
0 0.541323 0.536734 0.026135 0.024667 0.082432
2 0.381913 0.681256 0.128771 0.207406 0.076734
0 0.536975 0.538085 0.019831 0.024907 0.070765
2 0.635698 0.944163 0.060781 0.106978 0.069876
2 0.628284 0.912338 0.078683 0.169567 0.062181
2 0.620082 0.888605 0.093918 0.216765 0.059389
0 0.572079 0.835365 0.039921 0.168974 0.058616
0 0.635354 0.946140 0.059612 0.103991 0.056920
2 0.350701 0.756185 0.106845 0.188092 0.054268
0 0.561494 0.741271 0.037980 0.142042 0.052018
