1 0.205955 0.771580 0.113192 0.023385 0.280174
0 0.115808 0.707899 0.105882 0.093815 0.265000
1 0.165436 0.772495 0.209287 0.029315 0.220624
1 0.142577 0.775063 0.258715 0.034446 0.160573
0 0.051323 0.759914 0.102646 0.090913 0.128458
1 0.134962 0.781700 0.269925 0.049524 0.112405
0 0.127971 0.700020 0.081277 0.072031 0.104428
0 0.134495 0.690981 0.136848 0.119744 0.099652
0 0.085539 0.737306 0.170518 0.157374 0.081579
1 0.163292 0.766460 0.212722 0.039052 0.079872
0 0.201206 0.641078 0.094331 0.094533 0.079315
0 0.230306 0.613435 0.060890 0.055121 0.072820
0 0.117857 0.714304 0.136547 0.139907 0.064735
0 0.221252 0.618798 0.072131 0.065243 0.063584
0 0.062497 0.760268 0.124388 0.132279 0.062828
0 0.048145 0.799523 0.096289 0.149958 0.062698
0 0.236231 0.607327 0.039890 0.039053 0.060459
0 0.187279 0.651830 0.056332 0.058711 0.060103
0 0.154217 0.675420 0.163213 0.138873 0.058564
0 0.144429 0.685678 0.107061 0.092118 0.058457
0 0.223239 0.619368 0.054640 0.046648 0.057428
0 0.182322 0.657649 0.054366 0.057464 0.055045
0 0.052943 0.775472 0.105716 0.135944 0.054777
0 0.211315 0.629976 0.077684 0.070808 0.053883
0 0.227911 0.613612 0.046182 0.042493 0.052349
0 0.190995 0.648987 0.069155 0.073995 0.050844
