2 0.453577 0.771288 0.403941 0.366228 0.681384
1 0.840220 0.900202 0.307321 0.078299 0.644015
1 0.668963 0.704388 0.155126 0.033106 0.410980
2 0.340878 0.512267 0.167098 0.093435 0.317474
0 0.719905 0.692649 0.044155 0.060671 0.132368
1 0.671165 0.605802 0.181979 0.034268 0.124498
1 0.836041 0.887601 0.292778 0.057844 0.118386
1 0.672085 0.699942 0.154852 0.045882 0.113642
1 0.653448 0.939783 0.110254 0.027016 0.066147
0 0.671514 0.694512 0.150853 0.057565 0.055022
2 0.351796 0.518416 0.209251 0.109736 0.050864
1 0.689681 0.609165 0.150076 0.029584 0.050134
