3 0.812362 0.841276 0.374768 0.297906 0.581907
2 0.786421 0.710635 0.235772 0.076021 0.428509
2 0.661410 0.864132 0.677180 0.246968 0.268885
1 0.780668 0.705944 0.231928 0.056513 0.196891
0 0.555650 0.871146 0.389815 0.218921 0.143696
3 0.635800 0.847073 0.728400 0.287718 0.105977
1 0.063561 0.761820 0.127122 0.044784 0.095727
1 0.045611 0.765001 0.091222 0.049699 0.070985
3 0.594313 0.569439 0.323900 0.060639 0.065693
3 0.586630 0.547407 0.327700 0.112328 0.061185
2 0.581042 0.869917 0.505868 0.230538 0.055272
