0 0.309793 0.654573 0.054547 0.098679 0.374790
0 0.408269 0.589492 0.012115 0.035676 0.329614
0 0.407380 0.579391 0.014472 0.058423 0.231742
0 0.482635 0.947288 0.024684 0.099843 0.169670
0 0.318496 0.633645 0.036913 0.058474 0.147185
0 0.270706 0.624576 0.016171 0.023908 0.115475
1 0.386073 0.717870 0.061076 0.018549 0.109318
0 0.324823 0.625542 0.024456 0.041011 0.108159
0 0.290822 0.687182 0.019147 0.046420 0.094827
0 0.313527 0.638888 0.047722 0.068189 0.093777
1 0.411774 0.716882 0.104633 0.019083 0.078327
0 0.276815 0.620426 0.029603 0.031056 0.067144
1 0.380205 0.717931 0.082329 0.020944 0.064069
1 0.415964 0.715113 0.115468 0.026886 0.061716
0 0.288743 0.691726 0.018323 0.042871 0.055221
0 0.264043 0.629898 0.030737 0.039349 0.051420
