1 0.745425 0.722274 0.501650 0.042508 0.560599
0 0.344742 0.854064 0.270715 0.288094 0.523050
0 0.495196 0.801570 0.038631 0.127502 0.190897
0 0.426647 0.792390 0.094109 0.163832 0.174125
1 0.193982 0.912284 0.186255 0.037601 0.167868
0 0.930751 0.686212 0.117717 0.072863 0.123087
1 0.944594 0.660441 0.101496 0.025883 0.113096
0 0.298883 0.928360 0.153543 0.143216 0.080957
0 0.893252 0.671342 0.195843 0.106901 0.074870
1 0.183501 0.918441 0.212078 0.051941 0.070106
0 0.935584 0.730947 0.128688 0.154385 0.058756
