1 0.282687 0.930101 0.480577 0.084826 0.729866
0 0.215262 0.860595 0.204503 0.206411 0.669352
1 0.889813 0.966779 0.146525 0.048621 0.519787
0 0.481268 0.811449 0.063050 0.163201 0.301935
0 0.079216 0.865834 0.158431 0.129110 0.233820
0 0.363731 0.779996 0.027496 0.045525 0.138937
0 0.070679 0.884901 0.141358 0.133018 0.121501
0 0.472237 0.978045 0.024135 0.043911 0.088707
1 0.662737 0.821988 0.116416 0.020981 0.073525
1 0.753644 0.972735 0.413720 0.054530 0.058066
0 0.487241 0.827632 0.051679 0.134292 0.057549
1 0.877293 0.970649 0.119253 0.039018 0.055696
1 0.851361 0.969539 0.227962 0.057309 0.055477
