4 0.319638 0.786154 0.080952 0.045812 0.404367
0 0.344999 0.707463 0.066209 0.041704 0.340383
0 0.694570 0.860272 0.205434 0.260427 0.328835
4 0.783651 0.869912 0.074269 0.041964 0.301468
0 0.535860 0.854698 0.050155 0.079342 0.239664
1 0.553582 0.705502 0.173830 0.071455 0.134834
0 0.710022 0.838091 0.406549 0.307085 0.128967
2 0.319019 0.786125 0.080314 0.045750 0.127001
0 0.761043 0.939970 0.077044 0.101811 0.122326
0 0.555493 0.705961 0.171260 0.071257 0.121551
1 0.368531 0.881538 0.372821 0.046235 0.115631
1 0.447405 0.879723 0.540360 0.048561 0.101484
2 0.801170 0.903706 0.239442 0.175389 0.099068
2 0.768232 0.884610 0.295597 0.214171 0.081486
4 0.773662 0.870303 0.100498 0.054349 0.065410
2 0.814502 0.925462 0.192334 0.127056 0.060399
0 0.583248 0.749720 0.216812 0.160145 0.054425
2 0.744719 0.861602 0.354938 0.259799 0.050883
1 0.298357 0.882418 0.248515 0.043627 0.050620
