3 0.278037 0.200733 0.142850 0.041790 0.787617
2 0.172737 0.453790 0.345474 0.458502 0.703934
1 0.550505 0.350378 0.463689 0.051968 0.423575
0 0.903557 0.359386 0.191042 0.379753 0.216461
1 0.653890 0.358524 0.682435 0.075201 0.211312
1 0.630597 0.352793 0.571355 0.056670 0.086756
0 0.905113 0.301014 0.189183 0.258353 0.064374
1 0.504082 0.360000 0.985542 0.079637 0.064334
2 0.402871 0.161721 0.127345 0.074036 0.063373
0 0.875774 0.318275 0.248405 0.440030 0.060283
0 0.406090 0.159842 0.119379 0.074416 0.057409
1 0.896632 0.372207 0.196927 0.041412 0.055563
