0 0.548088 0.879175 0.121448 0.241186 0.621535
0 0.365292 0.793893 0.036786 0.043636 0.596095
1 0.781576 0.880277 0.425450 0.036648 0.521166
0 0.240131 0.908629 0.125797 0.182151 0.350779
1 0.719476 0.881021 0.303677 0.032395 0.279743
1 0.241404 0.889733 0.230355 0.034777 0.250990
0 0.574959 0.880445 0.176819 0.239110 0.142998
0 0.278192 0.842263 0.051505 0.057567 0.107785
0 0.241673 0.925546 0.100360 0.147865 0.100180
0 0.937035 0.852181 0.123991 0.055752 0.094013
0 0.281737 0.836782 0.044114 0.046820 0.075951
0 0.210427 0.948119 0.057874 0.103236 0.075086
1 0.251022 0.892702 0.226359 0.024442 0.057425
0 0.392705 0.723345 0.018918 0.052423 0.053854
