0 0.344120 0.637139 0.011372 0.044062 0.225713
0 0.377789 0.693341 0.037505 0.119433 0.198720
0 0.398022 0.758678 0.085291 0.255462 0.194299
0 0.382396 0.712154 0.043918 0.143022 0.110026
0 0.344509 0.638240 0.013276 0.054752 0.107553
0 0.372577 0.680473 0.029168 0.091735 0.089973
0 0.372394 0.679513 0.041574 0.132610 0.084332
0 0.345529 0.628446 0.016712 0.067671 0.075820
0 0.413330 0.810448 0.061538 0.159061 0.062118
0 0.338086 0.575659 0.011001 0.039996 0.054010
0 0.402785 0.792072 0.097008 0.327966 0.051449
