3 0.880670 0.804600 0.153995 0.064831 0.804492
4 0.664770 0.677464 0.066515 0.032569 0.674491
2 0.450187 0.882610 0.219176 0.234779 0.591971
1 0.611187 0.894819 0.163851 0.031639 0.418731
1 0.424214 0.621949 0.059121 0.017506 0.265692
3 0.420249 0.484283 0.202820 0.042792 0.234549
4 0.707911 0.745018 0.044678 0.039090 0.216967
0 0.047767 0.806679 0.095221 0.208305 0.095864
4 0.949076 0.717357 0.100540 0.048256 0.093066
1 0.833080 0.737865 0.216425 0.033753 0.082530
0 0.049270 0.848515 0.098541 0.291757 0.064993
