0 0.083006 0.848921 0.166012 0.200652 0.611755
0 0.109918 0.951258 0.059143 0.091868 0.608345
0 0.295488 0.822433 0.176317 0.343219 0.602903
0 0.413951 0.837718 0.053276 0.314090 0.479147
0 0.426894 0.916878 0.021827 0.160659 0.300958
0 0.423506 0.745346 0.034252 0.140253 0.244430
0 0.418932 0.638055 0.018905 0.076494 0.225435
0 0.451752 0.917545 0.016491 0.095208 0.204969
0 0.415900 0.764265 0.050313 0.174989 0.204158
0 0.347562 0.685912 0.098612 0.087645 0.169217
0 0.396138 0.751513 0.027273 0.112044 0.159511
0 0.426640 0.840476 0.030368 0.316154 0.150424
0 0.453381 0.928921 0.016440 0.119722 0.144087
0 0.394810 0.650585 0.015133 0.033834 0.128427
0 0.254504 0.869408 0.096153 0.249187 0.124723
0 0.392428 0.754422 0.019378 0.095528 0.123316
0 0.410239 0.748160 0.055231 0.134720 0.114534
0 0.390100 0.651421 0.023837 0.045361 0.110224
0 0.395985 0.780208 0.024232 0.144805 0.103600
0 0.418358 0.624392 0.019325 0.069276 0.094721
0 0.392509 0.597061 0.016868 0.041342 0.084336
2 0.409254 0.626209 0.042474 0.103907 0.083021
0 0.267277 0.850166 0.117532 0.287675 0.080537
0 0.408582 0.562107 0.016573 0.030313 0.076280
0 0.407371 0.572830 0.016169 0.036674 0.075031
0 0.334015 0.696246 0.119812 0.107583 0.069790
0 0.408201 0.639267 0.030131 0.069281 0.065640
0 0.412638 0.557279 0.024035 0.030524 0.061676
0 0.421057 0.640042 0.024917 0.084668 0.060913
0 0.429055 0.734007 0.022342 0.125487 0.060153
0 0.343411 0.694637 0.085117 0.075545 0.058518
0 0.423611 0.651114 0.023858 0.086230 0.055526
