3 0.717355 0.192918 0.118045 0.033270 0.689578
2 0.622380 0.317084 0.161567 0.051925 0.673377
1 0.458714 0.334219 0.497695 0.091877 0.500633
0 0.688135 0.099292 0.099752 0.101039 0.246603
0 0.887517 0.275332 0.215581 0.195328 0.229404
0 0.925402 0.313209 0.140851 0.126100 0.223330
0 0.697652 0.247889 0.058753 0.033548 0.184975
1 0.375319 0.347163 0.327562 0.060156 0.122078
3 0.718425 0.194635 0.111269 0.024216 0.092237
0 0.928281 0.370926 0.143439 0.242279 0.068883
1 0.696759 0.248074 0.064059 0.032535 0.061459
