2 0.502909 0.800040 0.975482 0.398977 0.601213
4 0.693724 0.718864 0.040654 0.025173 0.458868
4 0.689659 0.719927 0.052214 0.029230 0.362761
4 0.714332 0.841717 0.088567 0.070442 0.219095
2 0.557306 0.936115 0.444265 0.127769 0.196335
2 0.833661 0.722935 0.329605 0.197362 0.165275
2 0.478337 0.940420 0.925919 0.118248 0.148098
4 0.710499 0.840129 0.103584 0.087338 0.143880
4 0.349295 0.799402 0.037960 0.022012 0.129873
2 0.509167 0.711168 0.953802 0.226431 0.116256
4 0.692764 0.813814 0.136158 0.124889 0.077311
3 0.488665 0.564771 0.100479 0.129413 0.077121
2 0.227676 0.804989 0.331207 0.387469 0.074303
3 0.696260 0.817890 0.138953 0.131560 0.057037
