2 0.869540 0.711602 0.260920 0.146784 0.619155
3 0.214037 0.789900 0.428074 0.419881 0.520787
2 0.513810 0.855961 0.298741 0.165590 0.440076
3 0.183719 0.834605 0.364809 0.330484 0.437604
2 0.896678 0.730537 0.206643 0.107771 0.169833
1 0.859035 0.673624 0.159939 0.028841 0.166409
1 0.560580 0.918695 0.136110 0.028358 0.157264
2 0.909156 0.735704 0.181689 0.078978 0.140569
2 0.543202 0.854568 0.222073 0.155528 0.136626
2 0.906666 0.748369 0.186668 0.126175 0.131805
3 0.970600 0.949523 0.058801 0.100955 0.107459
1 0.857299 0.667853 0.179068 0.036621 0.093747
2 0.152903 0.943163 0.170503 0.113674 0.082200
1 0.184004 0.969995 0.061492 0.019773 0.061245
2 0.120557 0.934937 0.230069 0.130125 0.055976
