4 0.501168 0.705224 0.084746 0.065118 0.615389
0 0.678960 0.723451 0.065117 0.125265 0.542817
0 0.440138 0.776840 0.044467 0.082464 0.358454
4 0.469227 0.548025 0.185511 0.061416 0.250037
4 0.678734 0.723644 0.065319 0.121953 0.228007
4 0.486896 0.542867 0.159736 0.060013 0.163801
0 0.329102 0.811799 0.041773 0.077440 0.132839
4 0.213348 0.652271 0.142137 0.050271 0.066596
4 0.451674 0.558234 0.209333 0.071785 0.061268
4 0.285219 0.640092 0.130971 0.060690 0.059890
4 0.199890 0.653572 0.093075 0.042200 0.059769
4 0.046860 0.658640 0.069337 0.033154 0.056801
4 0.256901 0.649405 0.055316 0.036065 0.051258
4 0.206016 0.649031 0.287941 0.066095 0.051226
