0 0.501176 0.772452 0.096699 0.112251 0.652004
0 0.713173 0.896633 0.162511 0.206735 0.603284
0 0.344873 0.817449 0.037719 0.090034 0.378290
0 0.363533 0.879942 0.079379 0.235673 0.322215
0 0.352395 0.815060 0.052828 0.093543 0.221489
0 0.502158 0.786200 0.105634 0.147604 0.221262
0 0.366639 0.811778 0.083261 0.094665 0.207550
0 0.691569 0.875693 0.200855 0.248614 0.182085
0 0.602778 0.773529 0.021424 0.043695 0.089424
0 0.380307 0.950422 0.054730 0.099155 0.071056
0 0.339650 0.597665 0.030067 0.064127 0.066333
