0 0.592663 0.643776 0.065748 0.089183 0.550361
1 0.265254 0.556950 0.302562 0.045937 0.548564
3 0.756936 0.609160 0.234645 0.172406 0.544406
1 0.433502 0.886162 0.865052 0.123870 0.432716
1 0.872907 0.845694 0.254186 0.056023 0.319572
1 0.489834 0.881383 0.979669 0.160671 0.205331
0 0.782155 0.873066 0.234625 0.253868 0.203529
0 0.599531 0.631922 0.084167 0.126046 0.189118
0 0.699083 0.800058 0.077530 0.102641 0.183327
0 0.841396 0.932206 0.199551 0.135587 0.165280
0 0.342361 0.962884 0.046258 0.074069 0.145477
0 0.259655 0.718677 0.100600 0.128741 0.143746
1 0.786984 0.849354 0.426030 0.081661 0.137653
0 0.351395 0.963574 0.065184 0.072600 0.118960
1 0.873048 0.837439 0.253905 0.084432 0.114121
0 0.252732 0.741838 0.090767 0.078098 0.109503
0 0.271629 0.722673 0.136330 0.117176 0.095425
3 0.907480 0.568071 0.184657 0.123739 0.084293
0 0.809150 0.929947 0.142245 0.140106 0.077573
0 0.329610 0.963962 0.069788 0.072077 0.063361
