0 0.393070 0.658534 0.020217 0.038395 0.589595
0 0.439293 0.684076 0.026613 0.065653 0.520359
0 0.308137 0.585100 0.035195 0.040843 0.453363
0 0.572627 0.911477 0.069751 0.160918 0.425404
0 0.389487 0.748833 0.010894 0.036479 0.386859
0 0.460179 0.767763 0.031638 0.069749 0.382244
0 0.401388 0.979456 0.012616 0.038570 0.285667
0 0.387572 0.590199 0.016120 0.031290 0.269608
0 0.385222 0.588662 0.020453 0.037177 0.246363
0 0.551865 0.872027 0.032786 0.078421 0.242712
0 0.496303 0.861026 0.031853 0.134617 0.215009
1 0.344196 0.729156 0.189904 0.021493 0.191623
0 0.501565 0.860634 0.021120 0.116703 0.162013
0 0.481441 0.827407 0.064423 0.195161 0.149091
0 0.390826 0.657151 0.018579 0.032690 0.146640
0 0.464352 0.773041 0.042312 0.081702 0.144909
0 0.506393 0.909179 0.010686 0.047335 0.139708
0 0.587874 0.917694 0.033120 0.144085 0.119565
0 0.582194 0.914871 0.048931 0.150899 0.115556
0 0.505037 0.882387 0.014822 0.101242 0.115328
0 0.358287 0.615116 0.009774 0.018466 0.100330
0 0.496346 0.835356 0.028463 0.079499 0.095332
1 0.299239 0.729889 0.103281 0.018134 0.090362
0 0.455187 0.763539 0.026721 0.071359 0.088036
0 0.263836 0.596227 0.027007 0.024778 0.087416
0 0.381481 0.555242 0.018450 0.031154 0.084128
0 0.439933 0.677958 0.021959 0.059629 0.081782
0 0.401747 0.974677 0.014866 0.047919 0.079945
0 0.345248 0.575125 0.010961 0.018747 0.079472
0 0.486778 0.787511 0.044796 0.125046 0.075197
0 0.387404 0.748282 0.014259 0.037674 0.067416
0 0.590368 0.933294 0.028192 0.115197 0.067316
0 0.471018 0.779716 0.047374 0.097757 0.066323
0 0.591321 0.951481 0.024003 0.079256 0.064518
0 0.260693 0.598749 0.032009 0.029106 0.064190
1 0.341778 0.735680 0.187698 0.029482 0.061092
0 0.473713 0.788315 0.059039 0.110573 0.059259
0 0.493224 0.823673 0.032215 0.072531 0.055201
0 0.507316 0.913630 0.013406 0.058954 0.055119
0 0.357828 0.607898 0.010229 0.022691 0.053981
0 0.446789 0.709371 0.026258 0.083303 0.051592
0 0.495686 0.831506 0.032763 0.112078 0.051468
0 0.486871 0.773214 0.037320 0.101506 0.050591
