0 0.607601 0.789738 0.072004 0.131048 0.610021
0 0.040777 0.874386 0.081373 0.176910 0.373493
0 0.664717 0.859464 0.196549 0.277446 0.213306
0 0.045112 0.849083 0.089618 0.159325 0.184333
0 0.041163 0.839146 0.081963 0.117981 0.137838
0 0.375532 0.819193 0.063617 0.357838 0.128812
0 0.374692 0.934380 0.061017 0.131241 0.098698
1 0.689052 0.735674 0.185281 0.033995 0.080164
0 0.037808 0.856184 0.075615 0.101748 0.063453
0 0.383891 0.755671 0.044275 0.150829 0.061537
0 0.380885 0.781103 0.037689 0.099657 0.054913
