2 0.225039 0.913881 0.126353 0.165349 0.774781
0 0.221121 0.690113 0.057150 0.077278 0.487686
1 0.209087 0.781927 0.400281 0.032561 0.348257
1 0.082308 0.943107 0.164089 0.035244 0.271214
1 0.282220 0.973203 0.255503 0.042909 0.261597
0 0.157470 0.733777 0.017119 0.030270 0.238295
0 0.312922 0.937692 0.022176 0.076403 0.222272
0 0.244014 0.622964 0.038467 0.041681 0.153193
0 0.098124 0.736324 0.050728 0.047418 0.143639
0 0.253075 0.612526 0.058117 0.064647 0.135729
1 0.305286 0.976306 0.205344 0.030699 0.132386
0 0.130170 0.710885 0.106553 0.105972 0.129763
0 0.234693 0.666461 0.087197 0.111570 0.125410
0 0.238240 0.627570 0.028597 0.035153 0.110659
1 0.257700 0.778278 0.324306 0.030915 0.104789
1 0.085516 0.940087 0.171032 0.052373 0.102267
1 0.151468 0.781401 0.284835 0.026194 0.092348
0 0.106045 0.732069 0.074351 0.066167 0.088541
1 0.177840 0.778595 0.332605 0.021294 0.085804
0 0.264447 0.604012 0.078963 0.076071 0.081147
0 0.116638 0.725298 0.101713 0.094664 0.080748
0 0.179438 0.669288 0.024415 0.023767 0.078043
0 0.246421 0.805824 0.023608 0.043863 0.076230
0 0.313332 0.944030 0.034690 0.084978 0.070442
0 0.258549 0.602253 0.049706 0.049784 0.068514
0 0.113814 0.722400 0.079575 0.074826 0.059499
0 0.234590 0.633267 0.028524 0.037377 0.057005
0 0.155069 0.739272 0.025564 0.051468 0.055202
0 0.239768 0.628374 0.044569 0.046098 0.054960
1 0.318364 0.972736 0.183108 0.041134 0.052900
0 0.144031 0.733673 0.045574 0.043800 0.052558
