3 0.463106 0.223261 0.077083 0.022145 0.514306
1 0.316496 0.340624 0.114683 0.032301 0.347629
1 0.588130 0.588167 0.516881 0.058553 0.261911
1 0.629045 0.465377 0.225177 0.037009 0.246790
1 0.391685 0.381508 0.457456 0.041598 0.170610
1 0.690408 0.499626 0.165317 0.044251 0.168526
1 0.536330 0.318945 0.198788 0.028284 0.152126
1 0.333546 0.487579 0.151748 0.031671 0.149523
1 0.484584 0.599293 0.579326 0.069613 0.116280
1 0.423370 0.586217 0.842072 0.106874 0.109455
1 0.425543 0.376819 0.392451 0.040348 0.101535
1 0.177222 0.609627 0.350704 0.052762 0.087596
2 0.414271 0.538735 0.792359 0.194716 0.086727
2 0.414380 0.573734 0.809921 0.128115 0.084138
1 0.528110 0.282490 0.155113 0.024122 0.080706
2 0.468832 0.484463 0.665881 0.308344 0.068391
1 0.358296 0.379198 0.271401 0.030517 0.066787
0 0.308814 0.568452 0.047550 0.112010 0.063943
1 0.673693 0.503988 0.128654 0.037001 0.058915
0 0.306063 0.573736 0.062199 0.131641 0.054993
