4 0.411656 0.761010 0.176872 0.098540 0.832414
2 0.192156 0.854083 0.384313 0.291835 0.744484
4 0.637037 0.662513 0.098430 0.043338 0.717219
4 0.404200 0.685007 0.080571 0.045135 0.669008
2 0.797634 0.870595 0.404731 0.258810 0.430525
3 0.835846 0.564272 0.079994 0.023742 0.267338
4 0.744885 0.595685 0.067159 0.035512 0.258822
4 0.505048 0.689935 0.043126 0.029130 0.253269
0 0.141512 0.076775 0.280646 0.153551 0.240976
4 0.749019 0.591972 0.057612 0.025164 0.230729
2 0.788383 0.822621 0.423050 0.354757 0.168264
4 0.667701 0.735069 0.150531 0.075951 0.080778
3 0.378684 0.530267 0.061137 0.018668 0.062273
