2 0.655880 0.904092 0.207750 0.191815 0.828382
0 0.172243 0.866300 0.160545 0.219566 0.719630
1 0.397037 0.704237 0.176057 0.038306 0.473333
0 0.197419 0.833519 0.096254 0.149591 0.271012
0 0.285485 0.755360 0.034347 0.051260 0.248825
2 0.527417 0.658661 0.125613 0.100309 0.237125
1 0.257060 0.710486 0.463671 0.053436 0.217440
1 0.293051 0.713781 0.583951 0.066955 0.144041
1 0.111539 0.780733 0.206735 0.029668 0.117495
1 0.037163 0.731210 0.074326 0.026373 0.058165
1 0.299112 0.708799 0.364071 0.045552 0.052039
1 0.478642 0.698877 0.343563 0.051612 0.050643
