4 0.671387 0.853230 0.088058 0.108219 0.632440
4 0.568866 0.784209 0.177883 0.084249 0.453092
0 0.209782 0.937517 0.139316 0.117227 0.353447
4 0.637170 0.750960 0.058070 0.055920 0.324019
4 0.547408 0.786760 0.130109 0.080282 0.272941
0 0.174050 0.939439 0.210634 0.119886 0.132914
4 0.281603 0.920245 0.313000 0.159510 0.106944
4 0.552008 0.776895 0.129212 0.058837 0.102836
4 0.616516 0.690263 0.109516 0.065462 0.096216
4 0.615851 0.704960 0.094881 0.085816 0.074224
4 0.598255 0.688967 0.065401 0.058474 0.073721
4 0.566711 0.771669 0.166301 0.069174 0.064842
4 0.542287 0.793605 0.095843 0.064102 0.052963
