0 0.297015 0.950346 0.096145 0.099308 0.384119
0 0.637498 0.941815 0.126949 0.116360 0.309529
0 0.264427 0.950600 0.165078 0.098801 0.202203
3 0.765003 0.882918 0.469612 0.230737 0.181200
0 0.663695 0.944396 0.178118 0.111208 0.162404
3 0.168856 0.914591 0.337712 0.170660 0.133631
0 0.617806 0.933623 0.120447 0.132012 0.111603
0 0.608445 0.934131 0.066015 0.095928 0.110807
0 0.207234 0.953740 0.266454 0.092519 0.098034
0 0.291289 0.944719 0.141795 0.110230 0.083223
0 0.278451 0.954657 0.104291 0.090687 0.075266
0 0.619226 0.938914 0.086239 0.107377 0.067627
