3 0.164378 0.770108 0.288327 0.456973 0.807762
3 0.788320 0.750816 0.421693 0.394778 0.607258
0 0.042737 0.894317 0.085205 0.203982 0.550274
2 0.442415 0.701189 0.330621 0.208053 0.287159
1 0.904812 0.814762 0.169709 0.031742 0.233557
1 0.153499 0.952487 0.264753 0.046494 0.213786
2 0.501183 0.714338 0.209922 0.176430 0.198957
1 0.098880 0.789399 0.197760 0.040925 0.128389
0 0.044659 0.864791 0.080502 0.142421 0.126437
1 0.659111 0.981185 0.171238 0.036326 0.082568
3 0.291133 0.520892 0.062180 0.018250 0.081501
1 0.156711 0.957761 0.301770 0.079984 0.078343
2 0.157748 0.959780 0.303074 0.080146 0.075168
2 0.443829 0.966180 0.856750 0.067409 0.073963
1 0.874683 0.722523 0.142421 0.037483 0.073426
2 0.479021 0.686959 0.248923 0.233218 0.067498
1 0.157183 0.961731 0.273873 0.060136 0.064803
1 0.265385 0.750895 0.066410 0.021692 0.062046
2 0.372535 0.760857 0.493889 0.327385 0.053359
1 0.357791 0.759621 0.255902 0.042470 0.050139
