0 0.367689 0.634370 0.012918 0.051490 0.616876
0 0.292180 0.649938 0.016133 0.030539 0.563133
0 0.348780 0.670035 0.014430 0.030137 0.387458
0 0.047825 0.772471 0.095650 0.107339 0.375141
0 0.392689 0.687014 0.014355 0.020618 0.319993
0 0.048224 0.794915 0.096448 0.161014 0.179380
0 0.291551 0.652898 0.019868 0.032623 0.135358
0 0.370644 0.580118 0.017631 0.028379 0.118675
0 0.056569 0.774643 0.113131 0.148820 0.112900
0 0.048068 0.833274 0.096137 0.235323 0.100748
0 0.350229 0.674074 0.016678 0.038370 0.083693
0 0.071161 0.747655 0.142321 0.152824 0.067446
0 0.376977 0.585427 0.026247 0.028360 0.065356
0 0.050440 0.758886 0.091396 0.078291 0.062337
0 0.332720 0.574022 0.011127 0.018522 0.054479
1 0.386163 0.596886 0.018852 0.015278 0.053157
