0 0.190997 0.873759 0.098941 0.184180 0.847545
0 0.370904 0.944095 0.028124 0.107907 0.714884
0 0.192824 0.663348 0.179049 0.139315 0.678413
0 0.330645 0.620879 0.039730 0.100767 0.543313
0 0.375520 0.670833 0.018746 0.088729 0.389566
1 0.251119 0.774403 0.501405 0.043541 0.337660
1 0.357772 0.775245 0.287802 0.036437 0.251437
1 0.254118 0.781008 0.508236 0.037178 0.208682
0 0.030033 0.839805 0.060066 0.151348 0.123485
0 0.169476 0.683491 0.129828 0.113784 0.111397
0 0.032492 0.818634 0.064984 0.113379 0.099213
0 0.029182 0.870729 0.058295 0.212744 0.081770
1 0.363366 0.768225 0.268287 0.046346 0.061276
0 0.228509 0.635542 0.111091 0.089816 0.060242
1 0.407302 0.672514 0.085885 0.066567 0.059664
0 0.031945 0.802050 0.063695 0.077098 0.056955
0 0.400012 0.674075 0.067218 0.070784 0.056277
1 0.248891 0.795600 0.497770 0.085341 0.051725
0 0.339893 0.591371 0.020354 0.044439 0.050669
