3 0.886145 0.869714 0.227710 0.219144 0.644526
2 0.582878 0.801593 0.834244 0.352261 0.636807
3 0.719223 0.752692 0.086646 0.037615 0.612142
3 0.457078 0.436105 0.134045 0.037202 0.263847
3 0.302060 0.622983 0.066898 0.024567 0.227100
0 0.478754 0.578008 0.040902 0.107432 0.177534
2 0.771112 0.814356 0.457776 0.329941 0.161253
2 0.583224 0.741961 0.831213 0.239497 0.155099
0 0.265575 0.550637 0.100697 0.147578 0.141011
0 0.376012 0.813879 0.068531 0.105001 0.137258
0 0.476193 0.554124 0.048974 0.160848 0.079985
3 0.303991 0.624004 0.072694 0.033731 0.074490
2 0.374978 0.814011 0.079344 0.103331 0.068070
3 0.597263 0.850453 0.167089 0.250212 0.064187
3 0.280699 0.654227 0.073314 0.027487 0.062986
2 0.270499 0.674774 0.159062 0.073027 0.054477
