0 0.069718 0.881421 0.139435 0.221822 0.845578
0 0.193363 0.807075 0.120473 0.210878 0.663232
0 0.448031 0.814956 0.030612 0.114848 0.626442
0 0.148822 0.954572 0.071646 0.088353 0.624104
0 0.273195 0.944988 0.027189 0.106940 0.620378
0 0.269075 0.747054 0.167603 0.395443 0.569772
0 0.409822 0.924010 0.047037 0.143482 0.548829
0 0.471212 0.875936 0.067276 0.239496 0.523858
0 0.328675 0.833493 0.037892 0.126410 0.509865
0 0.419740 0.667479 0.083971 0.185520 0.489926
0 0.334994 0.745362 0.032611 0.056226 0.487196
0 0.353556 0.649762 0.014426 0.043084 0.480387
0 0.373937 0.705581 0.016287 0.060087 0.346346
0 0.429071 0.679933 0.066752 0.163895 0.326869
0 0.487819 0.918305 0.028756 0.155742 0.303511
0 0.375208 0.700375 0.018757 0.077155 0.258100
0 0.374359 0.691402 0.022533 0.101242 0.142082
0 0.381429 0.578912 0.029274 0.055266 0.110280
0 0.375536 0.573145 0.018940 0.049153 0.109942
0 0.245303 0.819731 0.109674 0.243739 0.095499
0 0.349798 0.573167 0.017629 0.065942 0.088384
0 0.386646 0.585846 0.035360 0.056919 0.087299
0 0.353587 0.640326 0.018947 0.064990 0.084311
0 0.351071 0.565900 0.015171 0.051837 0.083159
0 0.203623 0.786375 0.102339 0.166881 0.077157
0 0.372708 0.565921 0.016362 0.041109 0.076781
0 0.382420 0.579445 0.034278 0.068106 0.073369
0 0.391840 0.599321 0.044266 0.086749 0.072924
0 0.374005 0.627977 0.015135 0.038201 0.070278
0 0.333087 0.788427 0.033291 0.146254 0.066927
0 0.393439 0.595047 0.024150 0.037400 0.065243
0 0.351078 0.647571 0.018083 0.046096 0.060855
0 0.376754 0.660084 0.018846 0.092214 0.057174
0 0.347016 0.577334 0.021011 0.076343 0.056556
0 0.260184 0.800851 0.140970 0.287037 0.051744
