3 0.739987 0.690197 0.106222 0.030714 0.704121
2 0.526262 0.915053 0.763403 0.167455 0.433424
2 0.239300 0.758946 0.213520 0.085057 0.331606
2 0.475595 0.873174 0.837494 0.250416 0.301185
0 0.776307 0.778266 0.049036 0.059276 0.135342
1 0.147675 0.869395 0.105341 0.032175 0.112124
3 0.973276 0.650849 0.053448 0.021109 0.101753
2 0.505311 0.713979 0.276057 0.072644 0.089655
2 0.265270 0.747989 0.304231 0.111406 0.079519
2 0.568304 0.714680 0.412894 0.083263 0.067772
1 0.078204 0.727777 0.156409 0.033217 0.061009
1 0.109160 0.990645 0.195116 0.018709 0.052125
