4 0.566209 0.559446 0.060437 0.034189 0.258205
3 0.081808 0.952193 0.161564 0.095182 0.164801
2 0.224094 0.820421 0.448188 0.350610 0.157624
2 0.459869 0.733830 0.344262 0.210052 0.141617
2 0.303012 0.807176 0.602297 0.356873 0.123033
4 0.572789 0.560911 0.074430 0.042290 0.122406
0 0.599987 0.692273 0.037109 0.131856 0.109831
3 0.118379 0.897982 0.236079 0.202526 0.106700
2 0.527641 0.727135 0.198787 0.187538 0.080276
2 0.172538 0.864827 0.345075 0.267828 0.073790
0 0.121762 0.890235 0.237283 0.217757 0.072168
2 0.349540 0.749619 0.538980 0.253424 0.059218
2 0.131261 0.879029 0.262521 0.239880 0.057774
2 0.278402 0.766416 0.537009 0.294747 0.055434
0 0.598437 0.714486 0.036306 0.166427 0.052099
