0 0.339459 0.787810 0.170515 0.249891 0.647664
1 0.758669 0.444173 0.353951 0.048896 0.617451
1 0.400899 0.456759 0.251231 0.045696 0.518816
1 0.491674 0.811412 0.177451 0.153271 0.497829
0 0.491549 0.813103 0.176632 0.159849 0.360954
1 0.422685 0.453999 0.314494 0.052725 0.347074
0 0.543090 0.438482 0.099823 0.116162 0.265289
1 0.783784 0.901421 0.428318 0.061255 0.192753
1 0.292634 0.566576 0.286889 0.075904 0.191436
1 0.162082 0.906364 0.209706 0.045014 0.169050
0 0.518087 0.394642 0.139814 0.205530 0.159136
1 0.326847 0.557246 0.219738 0.057941 0.155271
1 0.147934 0.904092 0.251908 0.054803 0.130666
0 0.540454 0.418276 0.097936 0.071448 0.116990
0 0.527207 0.456009 0.126001 0.156739 0.109811
1 0.388555 0.541457 0.414046 0.107186 0.066260
0 0.357486 0.762790 0.259492 0.302839 0.063653
1 0.432910 0.448149 0.346534 0.068948 0.062713
1 0.407046 0.523954 0.360744 0.124053 0.054191
0 0.512066 0.464521 0.163813 0.178345 0.051860
