2 0.380454 0.875476 0.378963 0.249048 0.694242
2 0.363904 0.911948 0.345314 0.175045 0.200391
2 0.071901 0.831981 0.143617 0.192669 0.125443
2 0.108114 0.777627 0.073160 0.078877 0.075238
2 0.075751 0.810311 0.117894 0.126985 0.065600
0 0.025067 0.904150 0.050134 0.152436 0.064174
2 0.082751 0.807904 0.160414 0.173245 0.064115
2 0.477412 0.855348 0.158586 0.280600 0.058919
2 0.132158 0.758083 0.093790 0.087620 0.056767
2 0.095728 0.788638 0.093713 0.097010 0.056569
0 0.027336 0.880905 0.054671 0.115480 0.055002
0 0.432041 0.641113 0.019169 0.040991 0.053296
2 0.114037 0.769953 0.065462 0.074795 0.053090
