2 0.181533 0.787333 0.363065 0.405263 0.896456
1 0.707298 0.903129 0.120075 0.031748 0.686057
1 0.638836 0.826791 0.091284 0.026249 0.513019
0 0.542213 0.754115 0.185194 0.296206 0.440026
1 0.435761 0.809757 0.231308 0.076230 0.399212
1 0.404195 0.653031 0.141375 0.025022 0.347872
1 0.463959 0.797063 0.178472 0.051205 0.132907
0 0.595968 0.802655 0.290163 0.393560 0.112410
4 0.284916 0.768839 0.047909 0.027155 0.107851
0 0.732377 0.948719 0.039625 0.077974 0.099099
4 0.283724 0.766342 0.056803 0.033178 0.050363
