0 0.426245 0.681474 0.047052 0.247796 0.572805
0 0.142045 0.697626 0.127599 0.108481 0.263835
0 0.113853 0.964242 0.043585 0.065649 0.193319
0 0.591003 0.926634 0.065805 0.138730 0.145620
0 0.418173 0.595832 0.026092 0.078312 0.121660
0 0.427182 0.708020 0.042259 0.192959 0.110140
0 0.163848 0.681835 0.170675 0.137171 0.094211
0 0.111340 0.722395 0.070865 0.060575 0.080758
0 0.105221 0.727296 0.087820 0.073322 0.061637
0 0.121292 0.706918 0.157644 0.111868 0.057178
0 0.421474 0.603294 0.029519 0.093869 0.055657
