2 0.764244 0.834339 0.402497 0.329196 0.646164
1 0.547792 0.735879 0.115344 0.025196 0.440426
1 0.140568 0.877363 0.121196 0.049795 0.426710
0 0.063912 0.713357 0.087678 0.106205 0.357031
0 0.141528 0.877247 0.120243 0.049251 0.321510
0 0.492642 0.755679 0.156551 0.256991 0.204414
4 0.060202 0.706301 0.048460 0.029728 0.151102
4 0.068857 0.699554 0.064871 0.048411 0.151091
4 0.065244 0.704651 0.056994 0.035931 0.140094
4 0.072412 0.692423 0.072302 0.067942 0.136356
2 0.496953 0.776986 0.144285 0.228418 0.133235
0 0.457681 0.961240 0.071057 0.077520 0.125200
0 0.518336 0.800633 0.106974 0.170869 0.116318
0 0.502033 0.784951 0.143671 0.205008 0.092061
0 0.182800 0.628599 0.041417 0.065329 0.091206
2 0.508834 0.799677 0.120556 0.188586 0.074701
0 0.059732 0.730254 0.076332 0.074192 0.062958
0 0.113512 0.682800 0.184835 0.163244 0.060458
0 0.529374 0.844046 0.181785 0.307386 0.059670
