3 0.399916 0.625662 0.100433 0.027442 0.676936
3 0.564840 0.594338 0.084647 0.021774 0.635488
1 0.700197 0.713345 0.204671 0.056247 0.526050
1 0.529659 0.838731 0.538956 0.080161 0.450961
3 0.863771 0.830537 0.075344 0.036777 0.361702
2 0.529758 0.837265 0.536670 0.088397 0.242272
2 0.631242 0.794384 0.737516 0.198005 0.225955
1 0.619697 0.697866 0.370138 0.084854 0.108434
2 0.883242 0.789632 0.230343 0.183533 0.097687
0 0.992656 0.641489 0.014689 0.058567 0.058992
0 0.992919 0.633460 0.014162 0.041484 0.051878
