0 0.429597 0.760494 0.065666 0.211381 0.845121
0 0.527901 0.877759 0.062837 0.244482 0.760660
1 0.109284 0.939319 0.218569 0.039067 0.688320
1 0.881171 0.929958 0.237176 0.061090 0.628684
1 0.796547 0.689362 0.341265 0.057831 0.330491
1 0.590492 0.677048 0.758653 0.077769 0.329250
1 0.417845 0.649157 0.411818 0.038625 0.300610
1 0.109624 0.929808 0.219247 0.060610 0.093519
0 0.514870 0.807958 0.032355 0.101712 0.089211
1 0.751181 0.682022 0.266189 0.043389 0.083275
0 0.075878 0.712762 0.151756 0.138575 0.061901
1 0.494886 0.655736 0.552413 0.035968 0.053182
