4 0.669691 0.888019 0.166580 0.135108 0.235073
0 0.504734 0.840979 0.078579 0.233708 0.186730
0 0.540682 0.841151 0.139504 0.234151 0.143642
0 0.488019 0.781390 0.049601 0.115145 0.136336
4 0.876806 0.900748 0.184564 0.097613 0.122993
2 0.613442 0.842109 0.288999 0.241657 0.101496
4 0.777600 0.877073 0.393392 0.170350 0.088451
4 0.639779 0.749217 0.098372 0.098520 0.085528
4 0.648660 0.740392 0.126552 0.091703 0.070382
0 0.574502 0.841082 0.103036 0.234547 0.070305
4 0.658028 0.850813 0.190941 0.209845 0.066033
2 0.711666 0.855042 0.499076 0.219076 0.057258
4 0.514855 0.704585 0.314064 0.067914 0.055914
2 0.593972 0.837238 0.202536 0.239461 0.051269
