3 0.491736 0.866543 0.173040 0.218041 0.771465
2 0.563679 0.866800 0.163069 0.190569 0.569317
0 0.885878 0.893621 0.214331 0.165708 0.326837
3 0.866398 0.877421 0.267013 0.199843 0.277401
3 0.878153 0.861259 0.243694 0.147277 0.274823
0 0.919077 0.829610 0.097799 0.042698 0.183017
3 0.905568 0.894008 0.188688 0.149117 0.179128
2 0.889321 0.898860 0.217129 0.157760 0.120941
2 0.941814 0.950239 0.111946 0.056940 0.109156
0 0.909795 0.825012 0.094977 0.042851 0.106083
2 0.563163 0.904623 0.157889 0.101751 0.072672
2 0.937271 0.936328 0.124394 0.086216 0.062367
0 0.856771 0.889196 0.144057 0.139636 0.053825
