0 0.321025 0.850034 0.067084 0.280361 0.524006
0 0.320665 0.803323 0.064271 0.182992 0.464898
1 0.343048 0.706645 0.236647 0.029869 0.220888
1 0.344959 0.700927 0.224356 0.020419 0.205754
1 0.245077 0.776033 0.091739 0.019038 0.148526
1 0.341406 0.696196 0.236071 0.031863 0.135018
0 0.338736 0.927398 0.032509 0.137293 0.075925
1 0.343173 0.676319 0.230832 0.050096 0.059706
0 0.313547 0.792737 0.052213 0.151105 0.057405
1 0.339929 0.705544 0.226910 0.021125 0.055068
1 0.258120 0.776028 0.126300 0.024261 0.054941
1 0.337796 0.696387 0.238763 0.022315 0.051321
