0 0.425022 0.778644 0.174237 0.429190 0.736342
0 0.087831 0.781116 0.150990 0.148151 0.552344
0 0.393946 0.779537 0.110601 0.429969 0.494992
0 0.301102 0.675229 0.084269 0.127698 0.374294
0 0.455204 0.778497 0.114572 0.428389 0.322220
0 0.383603 0.850331 0.092378 0.288809 0.164925
0 0.416727 0.599862 0.033052 0.088275 0.094953
0 0.399924 0.645607 0.017138 0.057451 0.092397
0 0.038458 0.847248 0.038387 0.041750 0.084923
0 0.290033 0.686111 0.064175 0.104281 0.080575
0 0.081576 0.815254 0.161336 0.212392 0.079953
0 0.418433 0.584284 0.019712 0.051510 0.076162
0 0.032194 0.850840 0.050516 0.052699 0.067437
0 0.285816 0.683055 0.116529 0.141183 0.064988
0 0.422497 0.601174 0.029784 0.090825 0.060679
0 0.400898 0.636782 0.020128 0.071390 0.054909
1 0.322617 0.674875 0.174517 0.029294 0.052271
0 0.478903 0.904832 0.069565 0.184900 0.050540
