0 0.063119 0.909918 0.027361 0.174128 0.601311
0 0.306210 0.946357 0.017411 0.097657 0.520469
0 0.184920 0.659162 0.083670 0.056492 0.439436
0 0.240639 0.715560 0.097161 0.099434 0.418376
0 0.290072 0.882036 0.012867 0.040526 0.263808
0 0.209994 0.646077 0.034848 0.028920 0.263244
0 0.105161 0.758847 0.157753 0.114483 0.251245
0 0.201502 0.651832 0.050535 0.042139 0.245271
0 0.252094 0.687409 0.101692 0.147001 0.234429
0 0.305579 0.940240 0.022899 0.109903 0.203556
0 0.292501 0.634159 0.019665 0.034570 0.189370
0 0.334578 0.788024 0.020268 0.051120 0.166547
0 0.231834 0.665919 0.083629 0.055505 0.164879
0 0.338819 0.777972 0.027038 0.067867 0.158980
0 0.340659 0.608277 0.015048 0.023038 0.156727
0 0.232833 0.677100 0.091236 0.058096 0.154202
0 0.216315 0.662270 0.098041 0.058707 0.150048
0 0.154867 0.719450 0.122809 0.081071 0.146454
0 0.341561 0.774252 0.033782 0.081594 0.143213
0 0.178776 0.669572 0.079912 0.042106 0.143168
0 0.182780 0.700659 0.079039 0.054507 0.142493
0 0.242172 0.661886 0.057104 0.043015 0.135277
1 0.035480 0.815527 0.067664 0.023486 0.111366
0 0.163181 0.678535 0.077012 0.034594 0.110120
0 0.345331 0.767053 0.039081 0.089678 0.103692
0 0.065935 0.782623 0.080371 0.061938 0.098657
0 0.121688 0.743464 0.093541 0.073166 0.084630
0 0.172487 0.680250 0.098603 0.052117 0.082483
0 0.121115 0.746841 0.191838 0.137467 0.078873
0 0.288470 0.646374 0.030385 0.057665 0.078557
0 0.348837 0.560556 0.021788 0.024738 0.078525
0 0.144102 0.730277 0.106638 0.072042 0.076799
0 0.079578 0.896914 0.058957 0.199472 0.074201
0 0.180285 0.692628 0.090672 0.063816 0.073943
0 0.367680 0.558106 0.015947 0.022833 0.070388
0 0.355550 0.558662 0.029614 0.024223 0.068000
0 0.339947 0.611889 0.015566 0.026314 0.067939
0 0.166583 0.673147 0.062837 0.037443 0.066802
0 0.127759 0.737948 0.072099 0.062400 0.066205
0 0.154244 0.682035 0.058698 0.027535 0.065644
0 0.287954 0.883800 0.016539 0.043034 0.064624
0 0.289913 0.639699 0.026347 0.048357 0.064478
0 0.078353 0.776157 0.111683 0.075727 0.064159
0 0.168125 0.733214 0.254604 0.182480 0.064090
0 0.214382 0.736710 0.044084 0.048733 0.063661
0 0.238327 0.688397 0.096659 0.069368 0.063647
1 0.036580 0.820045 0.073081 0.026385 0.062722
0 0.174370 0.705797 0.087398 0.054884 0.060948
0 0.250537 0.704846 0.082628 0.076445 0.058485
0 0.284749 0.650352 0.037089 0.071069 0.056732
1 0.116707 0.787479 0.163162 0.076695 0.056479
1 0.154885 0.769563 0.079844 0.044864 0.053687
0 0.297925 0.935214 0.028818 0.124087 0.052372
0 0.198938 0.686709 0.063879 0.042066 0.051978
