3 0.901489 0.930387 0.162111 0.139226 0.309553
3 0.751154 0.771982 0.116936 0.120716 0.240732
3 0.227768 0.876745 0.426487 0.082773 0.212925
3 0.875702 0.922310 0.149540 0.155380 0.197574
3 0.919518 0.943860 0.149505 0.112045 0.147008
3 0.731546 0.756097 0.141066 0.134332 0.136164
3 0.824965 0.880970 0.116858 0.175203 0.130461
3 0.737249 0.753309 0.115672 0.101065 0.117127
3 0.838281 0.897906 0.135036 0.199537 0.113190
3 0.847159 0.898491 0.106414 0.131316 0.104048
3 0.712061 0.736279 0.161889 0.152921 0.098650
3 0.816824 0.860468 0.124744 0.154668 0.095053
3 0.881648 0.910525 0.188686 0.177471 0.083666
3 0.935732 0.963464 0.125857 0.072675 0.083026
3 0.694058 0.718726 0.144440 0.138851 0.070472
3 0.801724 0.840903 0.153976 0.183059 0.054888
3 0.838418 0.884253 0.114070 0.135165 0.053290
