0 0.135956 0.830976 0.271644 0.329673 0.672479
3 0.851628 0.901862 0.253937 0.195304 0.635255
2 0.737417 0.835217 0.324672 0.329551 0.460851
2 0.755064 0.868686 0.244884 0.262628 0.319554
2 0.785992 0.895646 0.221301 0.208095 0.172447
2 0.661677 0.732615 0.215693 0.165086 0.155575
3 0.579597 0.609112 0.067555 0.076575 0.113317
2 0.841850 0.908270 0.243564 0.183461 0.102868
2 0.790198 0.887307 0.386445 0.225386 0.095178
3 0.786552 0.854941 0.411551 0.290119 0.063758
3 0.801727 0.893260 0.377168 0.213480 0.052467
