0 0.429377 0.691558 0.043515 0.144960 0.405054
0 0.427281 0.673377 0.039953 0.109050 0.356825
0 0.523904 0.776096 0.043464 0.084715 0.315765
0 0.464740 0.808174 0.116832 0.365386 0.106437
0 0.484573 0.901126 0.056367 0.174690 0.078819
0 0.527457 0.785909 0.044878 0.098367 0.072990
0 0.503014 0.726751 0.078515 0.166232 0.068230
0 0.404165 0.730622 0.012297 0.062854 0.065369
0 0.489144 0.912013 0.041743 0.155789 0.057809
0 0.514936 0.768861 0.055672 0.084652 0.057412
0 0.515774 0.845090 0.012635 0.021174 0.054456
0 0.391880 0.535495 0.010273 0.033776 0.054170
0 0.404848 0.724880 0.010290 0.052650 0.050201
