0 0.265926 0.872350 0.121506 0.252267 0.666221
1 0.364275 0.735841 0.390168 0.062047 0.502450
0 0.297588 0.811239 0.057195 0.126697 0.404690
0 0.398612 0.638715 0.025125 0.069384 0.371337
0 0.438431 0.622035 0.026988 0.045701 0.353300
1 0.381362 0.724719 0.415118 0.087179 0.286375
0 0.517107 0.658890 0.041920 0.114760 0.201283
0 0.239319 0.938804 0.071794 0.122391 0.135757
0 0.518996 0.660228 0.062474 0.126814 0.084343
0 0.373944 0.592275 0.019656 0.039850 0.078747
0 0.437703 0.627665 0.030899 0.058575 0.050400
