0 0.239766 0.611355 0.098862 0.777105 0.729064
0 0.116539 0.397896 0.166645 0.053493 0.208529
1 0.116163 0.399194 0.168753 0.057214 0.155261
0 0.922655 0.033628 0.153862 0.067256 0.108164
0 0.885538 0.039868 0.228209 0.079735 0.105106
0 0.890398 0.059337 0.217879 0.118675 0.095721
0 0.939503 0.040278 0.120968 0.079931 0.087319
0 0.899661 0.083387 0.200649 0.166774 0.064892
0 0.822779 0.036758 0.352401 0.073515 0.062910
0 0.926544 0.074509 0.146913 0.149017 0.062512
0 0.163321 0.323524 0.220250 0.208217 0.059584
0 0.229153 0.023676 0.044808 0.047278 0.058122
0 0.319605 0.474199 0.105229 0.083066 0.056166
