1 0.393398 0.825037 0.172348 0.065816 0.636648
0 0.233703 0.830509 0.152570 0.228094 0.631409
1 0.326533 0.702829 0.646215 0.101351 0.616945
1 0.124662 0.818490 0.249324 0.051826 0.590326
1 0.208725 0.727650 0.404980 0.071610 0.569349
1 0.524784 0.677832 0.219807 0.043964 0.260684
1 0.381099 0.831957 0.146084 0.051829 0.112353
0 0.531239 0.926332 0.089434 0.147335 0.084825
0 0.257772 0.785579 0.203002 0.312137 0.078595
1 0.268865 0.719866 0.528068 0.071674 0.072477
0 0.201726 0.871866 0.092821 0.138987 0.066992
1 0.488347 0.688328 0.319772 0.069821 0.050992
