0 0.653943 0.719016 0.032846 0.075178 0.622705
0 0.645637 0.878327 0.087939 0.236147 0.498471
0 0.620164 0.815346 0.033718 0.104195 0.437256
1 0.280577 0.731542 0.219971 0.030558 0.416382
0 0.654731 0.941078 0.070617 0.112901 0.352452
1 0.352875 0.737594 0.363604 0.048100 0.248966
1 0.326839 0.735620 0.311139 0.039108 0.232606
1 0.482182 0.739085 0.600236 0.055204 0.155202
1 0.720982 0.745700 0.082679 0.021952 0.112960
0 0.373708 0.955380 0.104080 0.089240 0.111981
0 0.361512 0.961125 0.057643 0.077751 0.103931
0 0.368509 0.958252 0.077118 0.083495 0.098779
0 0.352335 0.957796 0.118997 0.084409 0.083058
1 0.729075 0.746274 0.113596 0.024110 0.071938
0 0.346350 0.962931 0.088457 0.074138 0.057243
