1 0.327634 0.627577 0.655268 0.141640 0.478907
0 0.818903 0.813439 0.362193 0.152573 0.472737
1 0.219408 0.605575 0.438748 0.096626 0.426557
0 0.857838 0.371424 0.206371 0.125354 0.379423
0 0.876485 0.380611 0.164363 0.109308 0.275218
0 0.857086 0.824539 0.284239 0.144648 0.231042
0 0.972232 0.719606 0.055038 0.330467 0.159252
0 0.972709 0.642005 0.054303 0.381039 0.133698
1 0.981325 0.434854 0.037257 0.029950 0.105054
0 0.975593 0.591982 0.048563 0.298822 0.090945
0 0.901169 0.449633 0.197662 0.244629 0.078404
0 0.975316 0.517289 0.049002 0.159668 0.075018
1 0.980878 0.441208 0.038193 0.035983 0.064381
0 0.876792 0.851199 0.246416 0.163247 0.059700
1 0.482726 0.646788 0.339285 0.105668 0.059418
0 0.877436 0.383433 0.140442 0.088368 0.055914
0 0.828518 0.856977 0.342965 0.234372 0.055670
1 0.981126 0.427001 0.037341 0.038338 0.053339
1 0.550328 0.677343 0.207185 0.043570 0.051877
