0 0.108598 0.715241 0.148754 0.125696 0.665418
1 0.281767 0.801298 0.501969 0.061980 0.597568
0 0.407090 0.611460 0.056695 0.150120 0.554629
0 0.413898 0.641961 0.042878 0.086949 0.231853
2 0.264006 0.735034 0.051921 0.061221 0.176409
1 0.128118 0.794119 0.185765 0.055175 0.151193
0 0.411547 0.632711 0.050534 0.109006 0.138752
0 0.386288 0.569742 0.016425 0.080655 0.116214
0 0.418864 0.646953 0.032515 0.078383 0.107303
0 0.423320 0.650563 0.022467 0.068849 0.093526
0 0.092214 0.748157 0.181288 0.190637 0.087648
