4 0.336232 0.706504 0.120759 0.066850 0.388024
4 0.447948 0.691077 0.365048 0.126525 0.302226
4 0.471610 0.675369 0.155428 0.084843 0.221441
4 0.520127 0.662329 0.225141 0.088092 0.202015
4 0.412641 0.697141 0.289892 0.105033 0.200904
3 0.420820 0.774229 0.062426 0.071839 0.139976
4 0.591383 0.663254 0.076561 0.041554 0.136060
4 0.352386 0.705641 0.082453 0.059975 0.121637
3 0.422988 0.768020 0.075815 0.086330 0.081952
4 0.479689 0.683308 0.128949 0.065330 0.080576
3 0.842517 0.791167 0.199153 0.172742 0.067173
4 0.587519 0.658919 0.090443 0.052214 0.056190
