2 0.455615 0.809329 0.907092 0.381341 0.809413
0 0.872410 0.716588 0.254735 0.171880 0.673848
1 0.841656 0.768086 0.173487 0.032906 0.533647
0 0.720510 0.932689 0.051583 0.131501 0.411222
0 0.905569 0.813382 0.109580 0.085020 0.320233
0 0.595650 0.756637 0.106798 0.205140 0.282842
0 0.924619 0.827109 0.147961 0.116231 0.265660
0 0.925224 0.860645 0.149553 0.183683 0.175422
0 0.726377 0.931800 0.071761 0.136401 0.080062
0 0.878693 0.770994 0.242614 0.265725 0.060434
0 0.642292 0.819315 0.220815 0.346228 0.055214
