2 0.497177 0.914539 0.144357 0.165211 0.552818
4 0.441300 0.972072 0.038161 0.046906 0.517642
0 0.296474 0.981323 0.056377 0.037354 0.465349
2 0.225708 0.758540 0.134929 0.207436 0.392243
0 0.315355 0.946088 0.021648 0.061992 0.379265
0 0.356422 0.694878 0.035319 0.115890 0.321392
0 0.476176 0.784605 0.032016 0.068642 0.297033
0 0.446256 0.704495 0.019633 0.054901 0.296999
0 0.315848 0.645430 0.017292 0.087026 0.201316
2 0.239684 0.724467 0.101538 0.139680 0.183818
0 0.312418 0.944073 0.029315 0.079809 0.152868
0 0.317491 0.635122 0.020380 0.088893 0.147882
0 0.523675 0.909038 0.096209 0.166103 0.137282
1 0.359916 0.862509 0.228615 0.032040 0.130734
0 0.242195 0.850715 0.029695 0.040711 0.124481
0 0.479160 0.792076 0.037459 0.083083 0.121124
1 0.298779 0.979086 0.057804 0.034550 0.113524
2 0.321291 0.627027 0.037607 0.112615 0.107412
0 0.314452 0.640874 0.023755 0.103355 0.107218
2 0.252758 0.711682 0.076870 0.124119 0.106960
0 0.240938 0.610614 0.018849 0.091866 0.106110
0 0.354339 0.701700 0.023613 0.112311 0.099649
0 0.542369 0.942230 0.058824 0.105946 0.096826
0 0.463123 0.749456 0.049298 0.141832 0.090617
1 0.071672 0.899291 0.143344 0.032689 0.088523
0 0.315248 0.661724 0.016229 0.067257 0.088228
0 0.342342 0.628668 0.015320 0.029506 0.084667
2 0.196513 0.628303 0.082259 0.101368 0.081396
0 0.294956 0.824654 0.024957 0.082367 0.079575
0 0.362833 0.674346 0.028172 0.078125 0.076810
0 0.368839 0.647600 0.014736 0.025155 0.074691
0 0.320659 0.622838 0.026676 0.106742 0.072176
0 0.432001 0.934977 0.014793 0.077585 0.068219
2 0.315618 0.637251 0.028441 0.128946 0.067688
0 0.241620 0.622670 0.015059 0.063554 0.066961
0 0.452027 0.716875 0.030098 0.081242 0.066206
2 0.332061 0.625348 0.056990 0.119449 0.059841
2 0.362028 0.824863 0.233401 0.098003 0.059732
0 0.294856 0.684028 0.012417 0.037901 0.051939
0 0.238866 0.598302 0.020389 0.077437 0.051715
1 0.351883 0.858336 0.246547 0.049823 0.051709
0 0.290870 0.826410 0.029023 0.087685 0.051084
0 0.298948 0.822587 0.035346 0.091558 0.050896
0 0.344681 0.637759 0.017504 0.038193 0.050652
