2 0.819578 0.894199 0.251645 0.163492 0.783255
0 0.314866 0.857711 0.091330 0.280663 0.545306
1 0.143752 0.915385 0.287503 0.033071 0.478579
1 0.510825 0.894890 0.387711 0.097739 0.436118
4 0.194719 0.889875 0.037459 0.022229 0.388035
1 0.354398 0.899025 0.705626 0.103226 0.204726
1 0.356664 0.932560 0.085454 0.024480 0.155260
1 0.577591 0.879412 0.250294 0.058661 0.155174
1 0.254809 0.916475 0.509618 0.037079 0.148852
1 0.436506 0.909315 0.235569 0.070201 0.134897
0 0.298754 0.865990 0.113081 0.268021 0.103885
1 0.650856 0.863502 0.114013 0.028343 0.073977
1 0.286806 0.915354 0.573613 0.051040 0.072809
2 0.770960 0.863823 0.157599 0.099645 0.062142
