0 0.130827 0.727260 0.176384 0.544191 0.771965
0 0.191550 0.103840 0.055819 0.095847 0.510953
1 0.061444 0.797971 0.122889 0.066097 0.192427
1 0.061703 0.785994 0.121717 0.046485 0.104434
0 0.888971 0.043233 0.220226 0.086466 0.095670
0 0.920817 0.041825 0.154473 0.083651 0.093383
0 0.895308 0.060900 0.207219 0.121800 0.093299
0 0.856275 0.035592 0.281783 0.071183 0.075796
1 0.061036 0.811589 0.122072 0.089002 0.069392
0 0.922863 0.080261 0.154190 0.160523 0.063109
0 0.854966 0.066784 0.287837 0.133348 0.053628
0 0.914399 0.104286 0.171149 0.208571 0.050691
