2 0.269130 0.826170 0.372755 0.346830 0.623092
3 0.749854 0.742706 0.494058 0.372306 0.574013
2 0.632380 0.754725 0.238049 0.131721 0.494517
1 0.703957 0.975504 0.347074 0.048992 0.488744
4 0.241937 0.800602 0.120786 0.100252 0.395450
2 0.490419 0.818356 0.934623 0.363288 0.271990
3 0.211407 0.767469 0.295256 0.461616 0.226336
2 0.221154 0.778889 0.317994 0.442222 0.174436
2 0.921399 0.820667 0.157119 0.231444 0.133370
1 0.767194 0.978964 0.465469 0.042071 0.077138
3 0.220431 0.701913 0.276780 0.338528 0.072336
2 0.697672 0.753943 0.387419 0.136085 0.065877
