2 0.291678 0.819301 0.151896 0.094234 0.684016
3 0.568465 0.693965 0.077515 0.111222 0.660979
1 0.570030 0.924946 0.170694 0.034440 0.519176
1 0.803840 0.847849 0.383956 0.058915 0.417204
1 0.776320 0.843129 0.308362 0.043250 0.114658
2 0.380367 0.951429 0.126756 0.097142 0.087484
4 0.627584 0.665572 0.060388 0.044609 0.080327
4 0.673235 0.700909 0.066176 0.051535 0.071381
0 0.865656 0.301191 0.118702 0.112063 0.069656
2 0.364886 0.961394 0.165337 0.077213 0.065653
4 0.658336 0.685832 0.097585 0.083791 0.051107
