1 0.683655 0.502276 0.330666 0.073042 0.738504
2 0.865854 0.383444 0.268218 0.251769 0.579186
3 0.220569 0.401672 0.439833 0.443325 0.378672
3 0.863567 0.598778 0.272574 0.619684 0.328135
1 0.340690 0.514543 0.150714 0.048329 0.215587
3 0.573627 0.712890 0.438476 0.467238 0.179175
2 0.453609 0.538712 0.136947 0.114295 0.112446
1 0.690437 0.320011 0.091042 0.022769 0.100383
1 0.958507 0.515413 0.082985 0.046015 0.087576
3 0.519540 0.183828 0.082590 0.039281 0.085245
2 0.864910 0.545181 0.270159 0.558864 0.083673
2 0.865399 0.446415 0.269186 0.372940 0.075702
3 0.859760 0.506835 0.279844 0.474199 0.069127
1 0.680063 0.338876 0.080323 0.020108 0.062618
2 0.448598 0.543763 0.194814 0.131378 0.054727
1 0.705579 0.319734 0.124289 0.024253 0.052157
1 0.329962 0.659863 0.137105 0.035266 0.050802
