4 0.364193 0.332713 0.117467 0.058205 0.737946
4 0.466898 0.268331 0.131289 0.057062 0.726829
4 0.712474 0.327989 0.174233 0.077430 0.707498
4 0.498781 0.434773 0.101807 0.056729 0.687018
4 0.349081 0.549243 0.118359 0.072209 0.677194
4 0.609862 0.488391 0.124447 0.055630 0.525543
4 0.188219 0.518588 0.139244 0.072024 0.401908
4 0.245335 0.450316 0.076324 0.041150 0.394391
4 0.556468 0.211414 0.050468 0.023244 0.254298
4 0.457051 0.954010 0.123779 0.090632 0.126277
4 0.497326 0.423433 0.104590 0.074941 0.091160
