3 0.836798 0.734952 0.094739 0.035526 0.579048
2 0.479640 0.663771 0.488375 0.127443 0.570437
3 0.079136 0.712356 0.045492 0.017944 0.527557
2 0.850688 0.891846 0.293649 0.216307 0.417530
3 0.836440 0.891318 0.261180 0.216184 0.317569
2 0.362170 0.655284 0.245866 0.123849 0.316887
4 0.837194 0.735656 0.097150 0.037857 0.280002
2 0.650992 0.690968 0.143534 0.083984 0.152814
2 0.479145 0.681344 0.468538 0.092672 0.140178
2 0.880792 0.904005 0.232273 0.191180 0.114117
3 0.568665 0.623026 0.064091 0.063197 0.113069
3 0.547477 0.601474 0.100825 0.104556 0.109072
2 0.394508 0.657261 0.150752 0.111434 0.059207
4 0.882744 0.961115 0.112184 0.076881 0.052702
