0 0.913963 0.934297 0.107862 0.085500 0.750397
1 0.707835 0.931084 0.185732 0.035958 0.603633
0 0.594145 0.877083 0.107961 0.245835 0.456061
0 0.861581 0.834932 0.275310 0.172074 0.414953
0 0.622296 0.876877 0.169869 0.246245 0.275513
0 0.809853 0.899274 0.216380 0.199588 0.237572
1 0.065232 0.883850 0.130464 0.031060 0.209413
0 0.683463 0.771519 0.091263 0.067187 0.154685
0 0.748740 0.843063 0.184924 0.185695 0.138734
0 0.764780 0.860682 0.161860 0.181326 0.110955
0 0.886277 0.852935 0.227446 0.166639 0.100591
0 0.805801 0.881026 0.286980 0.237658 0.093971
1 0.080190 0.885807 0.160379 0.040323 0.061743
0 0.663272 0.877320 0.252847 0.245359 0.053105
0 0.691005 0.779729 0.077646 0.053405 0.052928
