1 0.078320 0.743742 0.156440 0.036913 0.340726
0 0.224628 0.769624 0.147370 0.157662 0.333337
1 0.382153 0.773456 0.150213 0.036479 0.277264
0 0.413308 0.689052 0.071278 0.137340 0.226964
0 0.416568 0.676079 0.056011 0.109281 0.183213
0 0.248002 0.747751 0.189446 0.198216 0.168250
0 0.411808 0.687622 0.057134 0.119662 0.135619
0 0.181899 0.766550 0.242729 0.160187 0.114282
0 0.189819 0.747548 0.306924 0.196267 0.092914
0 0.401760 0.701068 0.090474 0.154878 0.086342
0 0.379230 0.734977 0.123349 0.191464 0.072949
1 0.364375 0.770283 0.186978 0.036109 0.060630
1 0.212974 0.672038 0.120049 0.022072 0.056041
0 0.390009 0.716637 0.105387 0.179223 0.054974
0 0.144114 0.766862 0.205936 0.154956 0.054709
