0 0.513139 0.831090 0.036722 0.099824 0.282435
1 0.519480 0.892018 0.133172 0.032397 0.222922
0 0.414569 0.589044 0.021232 0.087341 0.128725
0 0.463719 0.634297 0.053250 0.117234 0.124221
0 0.409367 0.556818 0.016840 0.038574 0.118068
0 0.415319 0.579376 0.027039 0.099386 0.117048
2 0.413312 0.587564 0.023461 0.092164 0.105778
0 0.418126 0.540530 0.020278 0.048626 0.086434
2 0.877955 0.877750 0.243594 0.237865 0.076776
1 0.517663 0.897045 0.143348 0.047097 0.063931
0 0.344197 0.603211 0.018335 0.027834 0.063584
0 0.413045 0.547778 0.025578 0.058381 0.050955
