1 0.365081 0.680455 0.078027 0.024522 0.259576
1 0.379639 0.786157 0.275834 0.043653 0.221975
1 0.388116 0.789848 0.264575 0.024949 0.148455
0 0.124581 0.814561 0.040633 0.057742 0.140276
0 0.244307 0.689045 0.028582 0.032741 0.084007
1 0.374214 0.782616 0.261549 0.030272 0.076475
0 0.348459 0.636380 0.020596 0.041635 0.072229
0 0.254994 0.876670 0.021511 0.044546 0.065043
0 0.250403 0.690388 0.035514 0.036419 0.058156
0 0.268976 0.674300 0.035384 0.053194 0.056242
0 0.537400 0.918184 0.045384 0.145678 0.054818
