0 0.373622 0.689204 0.096378 0.139380 0.788015
0 0.189882 0.907855 0.176036 0.183080 0.769489
1 0.105067 0.731564 0.208975 0.037856 0.586889
1 0.357202 0.805747 0.415503 0.076138 0.464133
0 0.583121 0.912410 0.044706 0.175181 0.172655
0 0.138775 0.885579 0.173799 0.176722 0.137806
0 0.228167 0.738387 0.061122 0.090880 0.089878
0 0.229872 0.716421 0.058694 0.045161 0.083764
1 0.332962 0.800202 0.581825 0.085275 0.070744
1 0.104053 0.745857 0.208009 0.071867 0.057628
1 0.358450 0.820673 0.192137 0.039133 0.055061
