2 0.826257 0.370970 0.347486 0.628028 0.807366
2 0.387205 0.297473 0.262142 0.592090 0.197298
2 0.395057 0.210318 0.250031 0.416813 0.172890
0 0.397766 0.530370 0.096430 0.241530 0.157546
2 0.276498 0.413546 0.438417 0.567382 0.138738
2 0.350572 0.368868 0.294808 0.639825 0.085431
1 0.571939 0.155383 0.167242 0.041896 0.076370
2 0.254139 0.566739 0.434486 0.284579 0.073464
2 0.385879 0.275366 0.211580 0.223436 0.071843
2 0.151520 0.648772 0.263844 0.123324 0.056534
0 0.408412 0.533801 0.125242 0.267035 0.054168
