0 0.429362 0.431526 0.124766 0.051996 0.811242
0 0.324058 0.222289 0.082651 0.444579 0.751833
0 0.284242 0.644724 0.148723 0.397074 0.728104
0 0.597282 0.901555 0.152842 0.196890 0.436110
0 0.789025 0.901792 0.069180 0.196416 0.321594
0 0.687568 0.738651 0.111421 0.134367 0.320324
0 0.643341 0.902066 0.245223 0.195031 0.247442
0 0.597809 0.707879 0.044431 0.199073 0.186979
0 0.681540 0.711268 0.108517 0.180072 0.185040
0 0.514761 0.480330 0.041779 0.064260 0.183901
0 0.678868 0.729266 0.091152 0.107409 0.150017
0 0.779545 0.889923 0.084908 0.220155 0.149337
0 0.814212 0.905304 0.114813 0.189393 0.147908
0 0.794304 0.913914 0.054284 0.172172 0.143400
0 0.615868 0.597838 0.052068 0.126913 0.129163
0 0.268377 0.668468 0.116242 0.357725 0.121594
0 0.609627 0.777158 0.016697 0.182535 0.112405
0 0.301818 0.511219 0.117052 0.137514 0.099285
0 0.604689 0.726773 0.028655 0.251142 0.095170
0 0.374324 0.495424 0.026461 0.078203 0.086976
0 0.660498 0.672804 0.131667 0.237161 0.086580
0 0.509825 0.488225 0.043954 0.080256 0.086558
0 0.610543 0.742647 0.017263 0.254980 0.082008
0 0.785982 0.907905 0.051376 0.182407 0.079811
0 0.619230 0.618632 0.061107 0.165800 0.079329
0 0.613622 0.754585 0.018739 0.186055 0.073166
0 0.607210 0.600906 0.074524 0.180147 0.066105
0 0.620737 0.619697 0.047746 0.143604 0.060540
0 0.594958 0.584844 0.088611 0.175977 0.055641
0 0.143169 0.765329 0.104222 0.092944 0.055451
0 0.668585 0.702956 0.110993 0.208271 0.054127
0 0.355160 0.922459 0.139232 0.104133 0.052541
0 0.592397 0.679915 0.055260 0.273402 0.050160
