0 0.274940 0.767275 0.061776 0.167953 0.758059
0 0.467208 0.919081 0.066903 0.161838 0.545500
1 0.832499 0.956220 0.132622 0.030903 0.495515
0 0.386447 0.642254 0.033788 0.085052 0.422704
1 0.226178 0.847690 0.141072 0.026654 0.395813
0 0.395657 0.665978 0.053627 0.133934 0.240128
1 0.046722 0.950280 0.092088 0.041774 0.171293
0 0.390014 0.656960 0.040055 0.116035 0.170190
0 0.298429 0.639722 0.025004 0.063828 0.157076
0 0.106687 0.874875 0.188007 0.188984 0.146175
0 0.385655 0.790945 0.026375 0.091562 0.122318
1 0.844633 0.955230 0.102249 0.027562 0.102938
1 0.832041 0.958510 0.139639 0.043569 0.095908
0 0.481985 0.918172 0.099465 0.163657 0.087181
