0 0.042625 0.847569 0.084802 0.239535 0.523820
0 0.244501 0.898632 0.038332 0.199165 0.416363
0 0.252675 0.812303 0.064083 0.370683 0.365214
0 0.041974 0.809021 0.083824 0.159121 0.317644
0 0.080190 0.687193 0.046618 0.054598 0.158628
0 0.082185 0.685700 0.037979 0.046317 0.156697
0 0.279496 0.681581 0.009323 0.048421 0.136161
0 0.041822 0.789007 0.083243 0.111844 0.131875
0 0.279993 0.679505 0.011387 0.058631 0.078184
0 0.085681 0.680569 0.049179 0.058348 0.072855
0 0.270215 0.705646 0.024258 0.099084 0.067257
0 0.272941 0.697364 0.023817 0.092055 0.060658
0 0.268508 0.712565 0.020182 0.082830 0.055318
0 0.073175 0.691548 0.062901 0.061747 0.054943
0 0.092028 0.670342 0.056963 0.070340 0.051997
