4 0.616849 0.737040 0.151744 0.063429 0.451134
4 0.516001 0.728116 0.359588 0.083735 0.305433
4 0.512982 0.646644 0.080966 0.042663 0.267554
4 0.201690 0.713278 0.122022 0.061130 0.197304
4 0.566486 0.614988 0.191862 0.052725 0.190639
4 0.598704 0.732614 0.189501 0.073676 0.153867
4 0.742790 0.712365 0.101810 0.046552 0.143242
4 0.283993 0.799586 0.057642 0.057128 0.133745
4 0.606588 0.612498 0.116059 0.046542 0.132974
4 0.409693 0.700891 0.556235 0.134825 0.122970
4 0.199936 0.713593 0.147155 0.075095 0.116747
4 0.539848 0.846661 0.276647 0.134045 0.105461
4 0.575237 0.862605 0.126767 0.061262 0.075452
4 0.358984 0.867735 0.709761 0.261799 0.072036
4 0.673995 0.659364 0.069326 0.045351 0.070115
4 0.336070 0.688915 0.401311 0.138069 0.059116
