4 0.460630 0.680784 0.109020 0.054172 0.359156
4 0.658181 0.573722 0.128919 0.041686 0.302263
4 0.516854 0.682887 0.203603 0.072974 0.266392
2 0.715077 0.767771 0.548729 0.213814 0.226172
4 0.547500 0.609089 0.199048 0.070069 0.157741
4 0.191090 0.760751 0.380297 0.184523 0.112978
4 0.460409 0.686645 0.128609 0.071750 0.080064
4 0.647292 0.577479 0.150685 0.054315 0.076694
4 0.346744 0.665259 0.103052 0.043224 0.071559
2 0.792564 0.775933 0.411235 0.202081 0.069327
4 0.565607 0.608379 0.153808 0.061706 0.060782
4 0.567141 0.673758 0.102463 0.044644 0.054606
4 0.678070 0.573395 0.092042 0.036763 0.051949
4 0.492923 0.677612 0.166379 0.057506 0.051287
2 0.620531 0.777054 0.716467 0.212573 0.050904
