3 0.768779 0.783978 0.363048 0.381594 0.599539
2 0.504259 0.757685 0.936323 0.438397 0.564013
2 0.782756 0.785711 0.388720 0.382493 0.520019
3 0.731412 0.591788 0.230839 0.137391 0.495324
3 0.123755 0.734241 0.247418 0.377370 0.413052
2 0.112373 0.820008 0.224747 0.234084 0.304051
3 0.156767 0.708985 0.313534 0.372664 0.155393
2 0.121789 0.834474 0.243578 0.314300 0.119243
2 0.183030 0.740022 0.349339 0.370083 0.091309
2 0.744755 0.828451 0.341572 0.299297 0.088516
2 0.132623 0.780420 0.265246 0.370072 0.079110
3 0.339251 0.504418 0.082531 0.023382 0.066739
