2 0.551396 0.687810 0.425108 0.155298 0.381959
1 0.666748 0.667750 0.218334 0.043658 0.297037
1 0.598078 0.730731 0.181737 0.083373 0.198984
3 0.161908 0.501422 0.056350 0.015562 0.196649
1 0.415285 0.567548 0.095685 0.026107 0.170282
2 0.544339 0.655248 0.408326 0.088271 0.148236
2 0.596845 0.719641 0.244933 0.107692 0.145874
2 0.601756 0.729767 0.199745 0.087921 0.144716
0 0.601088 0.730050 0.190150 0.089745 0.140107
1 0.587489 0.664866 0.385233 0.057485 0.117119
2 0.575688 0.700207 0.306733 0.147377 0.116861
1 0.828999 0.602651 0.093895 0.027384 0.102104
3 0.551150 0.661463 0.426615 0.082534 0.098432
