4 0.526469 0.660488 0.059091 0.028247 0.537104
4 0.397902 0.621871 0.056370 0.033369 0.200934
3 0.695234 0.733798 0.089827 0.156781 0.155670
2 0.451786 0.792711 0.903571 0.234154 0.137952
3 0.596041 0.614935 0.315413 0.058445 0.131873
2 0.603098 0.785536 0.744568 0.205585 0.125833
3 0.487805 0.858166 0.050211 0.080546 0.096051
4 0.707949 0.681294 0.039651 0.037340 0.081654
3 0.334529 0.661765 0.058790 0.045809 0.076800
0 0.486516 0.863135 0.046459 0.070798 0.066860
3 0.690532 0.729267 0.122391 0.152742 0.064027
3 0.338719 0.657371 0.067586 0.057995 0.052355
3 0.328734 0.664591 0.078466 0.055777 0.050170
