3 0.385029 0.843626 0.154252 0.047755 0.771769
2 0.078117 0.840938 0.155026 0.087015 0.473730
0 0.398910 0.967138 0.045052 0.064980 0.391914
0 0.408827 0.966177 0.062555 0.067647 0.185972
1 0.832193 0.851926 0.324921 0.049238 0.176087
1 0.801423 0.852507 0.237378 0.036610 0.153252
3 0.307358 0.815021 0.529651 0.040450 0.119406
0 0.418030 0.787373 0.025557 0.031693 0.105975
0 0.416335 0.966693 0.089261 0.066613 0.058648
0 0.383666 0.967302 0.077476 0.064901 0.054516
0 0.740228 0.913744 0.156181 0.079448 0.053752
3 0.327903 0.812497 0.655806 0.040184 0.050784
