1 0.822171 0.949986 0.355658 0.098938 0.676261
0 0.384011 0.233274 0.095678 0.076556 0.510602
0 0.211894 0.536235 0.232295 0.068416 0.488430
0 0.561346 0.816055 0.194464 0.127827 0.463094
0 0.490120 0.771081 0.337552 0.215871 0.448472
0 0.378193 0.472740 0.120510 0.388917 0.441787
0 0.517728 0.248349 0.166782 0.053947 0.366513
0 0.366957 0.227284 0.129383 0.084459 0.220668
0 0.531720 0.242392 0.193570 0.066078 0.180164
0 0.350744 0.522503 0.062764 0.287495 0.126045
0 0.430673 0.311684 0.015948 0.076551 0.108826
1 0.042420 0.467847 0.084787 0.024955 0.106187
0 0.369220 0.506832 0.098536 0.334093 0.101601
0 0.589404 0.835340 0.139879 0.085313 0.088137
1 0.164958 0.509895 0.329916 0.111832 0.077268
1 0.043139 0.462093 0.086109 0.033094 0.074292
1 0.043902 0.474349 0.087652 0.036439 0.064053
1 0.164076 0.521286 0.153557 0.041787 0.063940
0 0.399863 0.668087 0.165450 0.198119 0.060874
0 0.423297 0.581568 0.207773 0.614877 0.059792
0 0.400622 0.708907 0.148171 0.114474 0.054227
0 0.435546 0.319253 0.024204 0.096297 0.053292
0 0.381111 0.586264 0.124743 0.618245 0.051349
