2 0.673179 0.317942 0.254284 0.180373 0.629155
0 0.431768 0.656688 0.173516 0.191749 0.526831
2 0.662316 0.652209 0.607330 0.379954 0.293420
2 0.764083 0.531924 0.471022 0.615058 0.178022
2 0.923086 0.409597 0.153827 0.338781 0.175750
2 0.923400 0.508109 0.153199 0.551989 0.164177
2 0.922016 0.347152 0.155705 0.222838 0.121289
4 0.946417 0.370302 0.063340 0.037568 0.085873
1 0.812309 0.349702 0.145255 0.035974 0.081989
4 0.941980 0.367180 0.081744 0.045369 0.071580
2 0.796198 0.643314 0.281661 0.364794 0.070355
2 0.878283 0.537262 0.243434 0.611287 0.067431
0 0.817356 0.634999 0.205463 0.355887 0.057117
