3 0.651726 0.715432 0.480784 0.542808 0.815698
1 0.295956 0.639704 0.500970 0.048968 0.605037
1 0.751782 0.693371 0.206169 0.038781 0.476590
2 0.572910 0.673175 0.107036 0.110141 0.384879
2 0.075895 0.624133 0.150934 0.161406 0.220638
3 0.124334 0.580282 0.248308 0.262683 0.196510
3 0.115384 0.561015 0.230768 0.197492 0.138489
0 0.370985 0.534203 0.021175 0.047429 0.131579
2 0.090218 0.595878 0.180392 0.160615 0.121674
3 0.103476 0.593568 0.206952 0.213387 0.095158
2 0.569323 0.671571 0.137978 0.125279 0.092335
2 0.065903 0.664856 0.131807 0.215838 0.091405
3 0.109767 0.631368 0.219534 0.318132 0.085389
1 0.352398 0.640352 0.389149 0.042812 0.074559
2 0.051743 0.629384 0.102929 0.115914 0.058324
3 0.086044 0.619588 0.172081 0.210451 0.055197
