0 0.142524 0.814093 0.172832 0.361938 0.822331
0 0.196836 0.682840 0.060456 0.089008 0.433802
0 0.255263 0.674225 0.021878 0.032822 0.308877
0 0.219926 0.607916 0.067156 0.057904 0.274134
1 0.012663 0.932476 0.025069 0.040179 0.266357
1 0.438854 0.746219 0.089630 0.013542 0.151439
1 0.438868 0.747341 0.096142 0.020941 0.132807
1 0.012735 0.944100 0.025098 0.065835 0.112772
0 0.024836 0.795994 0.049672 0.158252 0.094749
0 0.253352 0.676177 0.025681 0.043460 0.092885
0 0.049964 0.773510 0.099929 0.169937 0.091831
0 0.058517 0.737069 0.117034 0.127728 0.091640
0 0.228856 0.604116 0.070181 0.050574 0.088853
0 0.017157 0.817543 0.034315 0.180671 0.082086
0 0.205627 0.619368 0.040949 0.041773 0.075664
0 0.040214 0.791060 0.080399 0.182078 0.072729
0 0.017004 0.784110 0.034008 0.107110 0.069104
0 0.022792 0.825368 0.045565 0.216780 0.065803
0 0.274456 0.641157 0.059931 0.098864 0.060154
0 0.034833 0.771823 0.069447 0.141747 0.057174
0 0.011912 0.951952 0.023824 0.087550 0.051889
0 0.252114 0.600741 0.027098 0.033804 0.050251
