0 0.454370 0.859108 0.047194 0.215372 0.810652
1 0.358686 0.952761 0.214424 0.087321 0.752955
0 0.415572 0.619698 0.013729 0.050865 0.287640
0 0.410989 0.643107 0.013610 0.083143 0.170991
0 0.415518 0.613963 0.017225 0.068400 0.156371
0 0.414604 0.634747 0.016224 0.090592 0.155252
0 0.298835 0.586297 0.023221 0.022606 0.119864
0 0.297793 0.590305 0.019717 0.022857 0.092912
1 0.347378 0.580398 0.127259 0.014899 0.085397
0 0.411839 0.619244 0.018206 0.083977 0.082397
0 0.394903 0.575192 0.016506 0.019076 0.074356
1 0.349651 0.577654 0.122270 0.014631 0.067828
0 0.405018 0.557207 0.012328 0.039641 0.063618
0 0.406430 0.576216 0.013186 0.020135 0.056774
0 0.411964 0.728413 0.021079 0.036358 0.050830
