3 0.824610 0.767258 0.350571 0.292533 0.545320
3 0.280491 0.809544 0.531101 0.380324 0.480752
3 0.402964 0.768192 0.288021 0.297142 0.374569
1 0.634523 0.817439 0.206122 0.035973 0.298018
0 0.489946 0.861672 0.122930 0.275357 0.265983
1 0.748188 0.894488 0.503469 0.052585 0.200559
3 0.370943 0.811325 0.347993 0.376364 0.103761
2 0.653945 0.861054 0.684769 0.277892 0.103208
2 0.304704 0.871674 0.526281 0.256653 0.092030
0 0.453149 0.946806 0.043613 0.098273 0.089045
2 0.483871 0.860879 0.285998 0.278241 0.086128
0 0.471760 0.859986 0.175600 0.278572 0.075371
2 0.565393 0.860297 0.473300 0.279406 0.070530
2 0.426971 0.867424 0.309270 0.265151 0.069372
3 0.846045 0.815991 0.307174 0.362574 0.068504
1 0.947278 0.883537 0.105252 0.035820 0.066797
0 0.934679 0.937215 0.115945 0.102716 0.061000
0 0.451900 0.947439 0.062780 0.102442 0.053894
