3 0.792114 0.805089 0.413175 0.389821 0.827624
0 0.058552 0.905010 0.117105 0.189936 0.750420
0 0.523827 0.900914 0.067162 0.198172 0.576080
1 0.882113 0.759339 0.235346 0.056875 0.574412
1 0.435899 0.757695 0.506677 0.091140 0.475781
0 0.564811 0.577643 0.070307 0.078330 0.212353
1 0.353174 0.770946 0.668713 0.117183 0.199311
1 0.882504 0.750097 0.234893 0.082451 0.159159
4 0.526020 0.077886 0.064026 0.041994 0.122944
0 0.544589 0.901070 0.108747 0.197807 0.119743
1 0.239951 0.525897 0.171651 0.030631 0.070541
1 0.208089 0.795604 0.415045 0.083227 0.060795
0 0.220792 0.614005 0.059224 0.121537 0.052646
0 0.226230 0.649916 0.033309 0.068854 0.051921
