1 0.488801 0.115790 0.977602 0.047952 0.579500
1 0.499885 0.615251 0.999770 0.061506 0.553122
1 0.379745 0.121320 0.758123 0.055214 0.327669
1 0.601264 0.610603 0.794905 0.056154 0.252990
1 0.452343 0.624594 0.904686 0.055123 0.207376
1 0.401226 0.113768 0.701773 0.038096 0.185886
0 0.279424 0.830940 0.062912 0.338119 0.169869
1 0.314248 0.621712 0.628496 0.044577 0.143957
1 0.676910 0.608079 0.640275 0.047290 0.127467
1 0.348734 0.630322 0.697469 0.061788 0.116311
0 0.322191 0.299726 0.021835 0.071801 0.098516
1 0.540197 0.615444 0.649486 0.043083 0.084030
1 0.628437 0.111910 0.696629 0.042997 0.067970
