0 0.521253 0.651603 0.484505 0.425238 0.841056
0 0.108154 0.365612 0.111721 0.193585 0.831030
0 0.395530 0.391348 0.096710 0.093426 0.560370
0 0.190111 0.145261 0.033999 0.288896 0.547272
0 0.261208 0.232931 0.097531 0.034223 0.517459
1 0.880449 0.902325 0.238430 0.076367 0.419939
0 0.460124 0.520220 0.021712 0.157432 0.414132
0 0.270291 0.238409 0.110776 0.045832 0.205300
1 0.880619 0.918189 0.238088 0.111939 0.157932
0 0.402933 0.401816 0.081589 0.071693 0.155781
0 0.351097 0.395345 0.032412 0.158816 0.104872
0 0.379553 0.389324 0.084549 0.115902 0.092273
0 0.354903 0.400675 0.026502 0.117162 0.089278
0 0.456485 0.496879 0.020367 0.119432 0.087689
0 0.197088 0.145803 0.043228 0.291182 0.083390
0 0.180341 0.145816 0.054489 0.291633 0.079128
0 0.276280 0.251589 0.112778 0.077596 0.069033
0 0.383094 0.378629 0.108508 0.120956 0.067253
0 0.463719 0.527554 0.018636 0.160625 0.057918
0 0.346312 0.385240 0.045577 0.134729 0.057247
0 0.599919 0.715018 0.324707 0.298480 0.055603
0 0.352546 0.373802 0.057047 0.150208 0.053766
