0 0.227141 0.906405 0.043018 0.085894 0.679636
0 0.204164 0.692254 0.064449 0.083123 0.492955
0 0.198364 0.855626 0.024943 0.042240 0.394648
1 0.191849 0.798499 0.383698 0.035613 0.308887
1 0.243564 0.796731 0.301148 0.031058 0.282537
0 0.188450 0.655966 0.091635 0.068231 0.243793
0 0.176714 0.669552 0.072745 0.040359 0.226673
0 0.078651 0.736438 0.046537 0.039444 0.198512
0 0.116197 0.973526 0.015180 0.048614 0.178113
0 0.085941 0.730723 0.049676 0.041418 0.168308
0 0.192337 0.669853 0.087202 0.054149 0.151323
1 0.160528 0.798030 0.321056 0.028006 0.145363
0 0.225102 0.631488 0.028586 0.029002 0.140467
0 0.090843 0.724328 0.057089 0.051055 0.134680
1 0.376436 0.607277 0.157712 0.019782 0.128791
0 0.221808 0.638098 0.027361 0.030428 0.126776
0 0.168481 0.673103 0.066179 0.040832 0.126753
0 0.205830 0.840145 0.039600 0.070543 0.124945
1 0.190829 0.806467 0.381596 0.035092 0.119782
0 0.097972 0.721943 0.049020 0.044067 0.103769
0 0.098439 0.718874 0.065907 0.061371 0.101794
0 0.209603 0.681133 0.052117 0.062365 0.101117
0 0.086218 0.730731 0.066485 0.055615 0.097760
0 0.072988 0.740472 0.051269 0.046831 0.097453
0 0.273111 0.582851 0.041540 0.034568 0.097246
2 0.149056 0.967170 0.086298 0.060193 0.089120
1 0.247560 0.800412 0.278238 0.022310 0.087075
1 0.111475 0.802210 0.222949 0.023066 0.085199
1 0.379289 0.609239 0.153945 0.012138 0.082926
0 0.179245 0.723689 0.032620 0.033793 0.082442
1 0.225742 0.791859 0.343082 0.035476 0.082061
0 0.248343 0.605015 0.059509 0.058455 0.082023
0 0.268392 0.586987 0.051193 0.042533 0.080006
0 0.243939 0.613943 0.064695 0.064074 0.079573
0 0.256303 0.600619 0.073777 0.069166 0.078815
0 0.222047 0.669873 0.028460 0.037529 0.077240
0 0.194203 0.703058 0.054857 0.067738 0.076651
0 0.195724 0.680482 0.082053 0.092093 0.075043
0 0.180901 0.978875 0.017091 0.036765 0.073021
0 0.496219 0.641009 0.068883 0.089276 0.072664
0 0.174665 0.728601 0.035732 0.029634 0.069577
2 0.155511 0.958978 0.097665 0.076771 0.069409
0 0.211741 0.647225 0.087544 0.067582 0.066004
0 0.196042 0.700662 0.069311 0.082295 0.058176
0 0.260471 0.593279 0.041393 0.036970 0.057369
0 0.179807 0.664974 0.083395 0.052879 0.056192
