0 0.127510 0.752844 0.255020 0.229911 0.733397
0 0.110788 0.881466 0.199625 0.229475 0.432238
0 0.090510 0.904735 0.156943 0.184017 0.369712
0 0.408062 0.638430 0.030300 0.103551 0.324240
0 0.263295 0.821852 0.180160 0.328222 0.273296
0 0.410527 0.623232 0.025902 0.074416 0.187049
0 0.334983 0.628029 0.113931 0.100881 0.157418
0 0.352232 0.623597 0.082415 0.100370 0.136810
0 0.280773 0.782816 0.213430 0.400768 0.121181
0 0.327689 0.639328 0.100909 0.086527 0.114724
0 0.442596 0.612962 0.015846 0.074417 0.108812
0 0.318155 0.646740 0.081633 0.069905 0.102665
0 0.197488 0.780888 0.056156 0.068467 0.100225
0 0.341330 0.638334 0.052719 0.076910 0.090294
0 0.332410 0.643616 0.063001 0.070183 0.086101
0 0.308878 0.653059 0.064266 0.059214 0.081166
0 0.363508 0.614785 0.057057 0.077615 0.067487
0 0.377798 0.596738 0.032230 0.047501 0.065203
0 0.371957 0.603273 0.042915 0.060175 0.061167
