0 0.066689 0.847948 0.133379 0.170140 0.714567
0 0.179967 0.904371 0.108624 0.184582 0.645415
0 0.265149 0.862307 0.062465 0.203966 0.634152
0 0.258398 0.877665 0.078604 0.224192 0.449789
1 0.060958 0.961084 0.121916 0.035614 0.437146
0 0.137148 0.937487 0.069449 0.114990 0.376214
1 0.192809 0.790320 0.149661 0.065459 0.365472
0 0.183333 0.720320 0.073627 0.071869 0.350840
1 0.375434 0.696510 0.073835 0.036983 0.265171
1 0.199962 0.785661 0.121013 0.058190 0.251790
1 0.341827 0.714079 0.145045 0.075178 0.213992
1 0.390682 0.781551 0.052122 0.014941 0.192360
1 0.302523 0.663041 0.171406 0.020846 0.164162
0 0.296609 0.738018 0.041087 0.045294 0.159458
0 0.192270 0.705733 0.084874 0.091786 0.153397
1 0.303444 0.660026 0.205155 0.023933 0.141257
1 0.259256 0.715900 0.105773 0.019924 0.125182
1 0.366340 0.700222 0.094761 0.042174 0.121261
0 0.418784 0.830959 0.017148 0.046270 0.117181
0 0.286744 0.743621 0.039977 0.047602 0.107705
1 0.208843 0.724947 0.212772 0.039997 0.101168
1 0.317143 0.652845 0.189653 0.027366 0.099859
1 0.393734 0.782975 0.065992 0.020649 0.099258
1 0.219990 0.794106 0.093285 0.051496 0.096358
1 0.059064 0.968123 0.117537 0.040755 0.094609
1 0.243685 0.717742 0.114822 0.020431 0.093631
1 0.218187 0.719040 0.176459 0.033341 0.093221
1 0.312128 0.657706 0.193943 0.014567 0.079708
0 0.280460 0.748389 0.049737 0.046359 0.077349
1 0.269127 0.714306 0.134410 0.021031 0.076503
0 0.114906 0.974634 0.024797 0.042391 0.076351
0 0.197095 0.697023 0.048432 0.055207 0.075273
0 0.305117 0.731240 0.057532 0.057851 0.074855
1 0.358557 0.584543 0.045031 0.022016 0.071298
0 0.170826 0.731823 0.050915 0.046718 0.070679
0 0.352015 0.583483 0.032456 0.021460 0.070140
1 0.379528 0.782412 0.082888 0.021487 0.069805
1 0.375774 0.647006 0.070362 0.019950 0.068026
0 0.344412 0.692592 0.052279 0.046654 0.066941
0 0.218855 0.674810 0.030264 0.038835 0.066473
1 0.373143 0.650207 0.074131 0.022435 0.066303
0 0.363840 0.691057 0.080953 0.038932 0.066073
0 0.214088 0.683560 0.022908 0.042966 0.065687
1 0.352302 0.699035 0.127599 0.049325 0.064156
0 0.148834 0.913036 0.046121 0.069756 0.060256
0 0.222789 0.681494 0.045964 0.056653 0.058852
1 0.385492 0.691119 0.085645 0.040145 0.058504
0 0.199161 0.694081 0.097268 0.112730 0.054232
1 0.316686 0.713295 0.190329 0.090864 0.054163
1 0.370955 0.662908 0.066700 0.022709 0.052982
0 0.157512 0.900256 0.025636 0.039807 0.051479
1 0.286436 0.665877 0.253809 0.037754 0.050916
0 0.195046 0.891885 0.083077 0.167803 0.050355
