1 0.500608 0.223471 0.997684 0.114608 0.718925
2 0.500722 0.826859 0.998556 0.224989 0.442704
1 0.219139 0.772114 0.438277 0.092453 0.410477
1 0.499290 0.820676 0.998581 0.199872 0.389438
0 0.931531 0.455389 0.136937 0.367769 0.197353
0 0.930003 0.552139 0.139199 0.560190 0.170514
0 0.927415 0.380392 0.137254 0.211483 0.156838
1 0.019192 0.158985 0.038172 0.032620 0.091676
1 0.707299 0.841266 0.583507 0.146925 0.076568
1 0.691557 0.233573 0.607677 0.076457 0.070881
1 0.822607 0.836502 0.354785 0.109008 0.065022
1 0.019314 0.149613 0.038271 0.049596 0.059022
