2 0.419058 0.701433 0.052762 0.102926 0.726437
2 0.449329 0.845145 0.048897 0.161256 0.393056
1 0.247043 0.743621 0.334890 0.034762 0.368774
1 0.296395 0.746259 0.431919 0.037221 0.346910
2 0.442160 0.840524 0.068485 0.163524 0.153571
1 0.478794 0.762065 0.078884 0.019883 0.143128
1 0.351345 0.621050 0.114600 0.012914 0.134731
0 0.405407 0.600837 0.019157 0.043806 0.098375
1 0.337254 0.621534 0.131038 0.018950 0.082427
0 0.448032 0.824450 0.036711 0.122160 0.073995
2 0.416574 0.672617 0.044650 0.148657 0.070244
2 0.425290 0.693380 0.062969 0.125124 0.065696
2 0.409912 0.613640 0.030168 0.044863 0.063114
2 0.445817 0.827364 0.049488 0.124762 0.056114
1 0.337762 0.617766 0.138449 0.020864 0.055551
4 0.410881 0.625258 0.023460 0.039839 0.055388
