4 0.305308 0.796198 0.607095 0.405127 0.634759
0 0.760773 0.780304 0.136789 0.206415 0.435668
2 0.541406 0.799465 0.573237 0.209532 0.277811
0 0.623885 0.796448 0.054525 0.181377 0.248539
2 0.642789 0.794806 0.363680 0.208483 0.230735
2 0.475490 0.825751 0.713985 0.258809 0.204973
0 0.743938 0.769779 0.115128 0.200190 0.108340
4 0.186451 0.825782 0.371961 0.346370 0.107689
2 0.390454 0.838015 0.615314 0.318064 0.075153
2 0.267461 0.886095 0.488223 0.227026 0.060737
2 0.319499 0.859533 0.499166 0.278609 0.055936
