0 0.087160 0.860984 0.133748 0.226154 0.508196
1 0.761017 0.802030 0.172737 0.063213 0.473825
0 0.194385 0.735189 0.031428 0.088223 0.259729
0 0.823572 0.751743 0.057328 0.049796 0.163221
2 0.110061 0.838857 0.205882 0.275711 0.156287
0 0.122142 0.818289 0.208168 0.309768 0.153739
1 0.977734 0.942547 0.044532 0.066308 0.134251
1 0.389462 0.732062 0.291158 0.052707 0.111547
1 0.978121 0.923694 0.043604 0.099433 0.101571
1 0.329785 0.738823 0.209948 0.058043 0.090910
0 0.205017 0.708506 0.056883 0.143524 0.051025
