0 0.273781 0.499534 0.296024 0.999067 0.773162
1 0.577536 0.412578 0.464572 0.061764 0.724818
0 0.719169 0.188961 0.173038 0.375657 0.619735
1 0.906474 0.359069 0.187053 0.062240 0.431843
0 0.826416 0.460214 0.042178 0.143450 0.360106
0 0.903198 0.694362 0.192436 0.611277 0.212052
0 0.949756 0.838392 0.100489 0.321389 0.121126
0 0.961177 0.856651 0.077298 0.285605 0.072656
1 0.907332 0.341378 0.184983 0.097808 0.064164
0 0.920198 0.785911 0.159380 0.428179 0.054089
0 0.922379 0.719203 0.155243 0.373186 0.053847
