3 0.203682 0.909224 0.131278 0.058691 0.782719
2 0.323471 0.784203 0.222977 0.121435 0.554766
2 0.520486 0.720030 0.102638 0.179883 0.537246
1 0.460067 0.923815 0.185968 0.033100 0.444885
2 0.835950 0.811623 0.328100 0.375177 0.362354
0 0.847060 0.912384 0.095294 0.103037 0.235113
2 0.904719 0.813760 0.190082 0.372481 0.209644
2 0.365669 0.781123 0.312277 0.121360 0.192428
0 0.730185 0.756319 0.072763 0.128562 0.154640
1 0.484661 0.794222 0.134527 0.029538 0.153246
2 0.538739 0.720250 0.055449 0.175663 0.142097
2 0.392016 0.755968 0.361116 0.174284 0.140237
0 0.788671 0.825895 0.199226 0.267591 0.128364
2 0.846042 0.705832 0.307917 0.227957 0.120538
0 0.539332 0.720672 0.055360 0.174809 0.081347
0 0.724356 0.672679 0.061861 0.065507 0.068970
