1 0.400681 0.967359 0.397817 0.050982 0.548712
0 0.401315 0.880596 0.040451 0.211296 0.523206
1 0.046037 0.840189 0.091784 0.032264 0.306235
0 0.161452 0.904467 0.089571 0.178237 0.236119
1 0.299787 0.964497 0.198880 0.053264 0.231205
0 0.380306 0.596329 0.019463 0.072958 0.131548
1 0.343275 0.969683 0.291670 0.048104 0.117173
1 0.046253 0.833131 0.092240 0.050134 0.109017
1 0.452224 0.971038 0.302127 0.040862 0.106735
0 0.229195 0.867564 0.056367 0.117451 0.095040
1 0.410371 0.980755 0.291853 0.022618 0.091734
1 0.506657 0.972685 0.193771 0.039844 0.087808
0 0.225774 0.870448 0.047794 0.086602 0.080794
0 0.405441 0.918847 0.026620 0.131661 0.080436
1 0.433794 0.978285 0.332447 0.029255 0.079628
0 0.142413 0.947335 0.052238 0.096817 0.077886
0 0.220906 0.884760 0.040739 0.084048 0.068169
0 0.194586 0.853204 0.149844 0.267846 0.065389
1 0.044849 0.821663 0.089210 0.069447 0.063730
0 0.235268 0.850834 0.063238 0.115835 0.060831
1 0.054273 0.843795 0.108547 0.030149 0.058608
0 0.149900 0.931823 0.069747 0.126521 0.052561
0 0.176859 0.871760 0.116502 0.239518 0.051988
0 0.232880 0.855156 0.053708 0.091913 0.050419
