0 0.479394 0.738632 0.079567 0.204115 0.730158
0 0.220091 0.849360 0.189293 0.292922 0.596878
0 0.242373 0.716008 0.056368 0.078215 0.587974
0 0.546444 0.934760 0.030638 0.121182 0.435249
0 0.163167 0.703470 0.101860 0.088472 0.407525
0 0.404012 0.709072 0.016537 0.078523 0.357365
0 0.397775 0.591734 0.017828 0.119403 0.269917
0 0.065788 0.847229 0.131354 0.202395 0.232177
0 0.400315 0.641459 0.021196 0.220510 0.223088
0 0.056290 0.829456 0.112332 0.155260 0.206008
0 0.054109 0.868823 0.108122 0.228511 0.186768
0 0.226384 0.659136 0.032589 0.049400 0.165340
0 0.395631 0.576289 0.013571 0.087768 0.162537
0 0.052020 0.809978 0.104040 0.112118 0.154346
0 0.538728 0.932631 0.046355 0.125608 0.151224
0 0.401939 0.684061 0.021238 0.130117 0.124053
0 0.228272 0.652990 0.041235 0.058321 0.121058
1 0.366378 0.660978 0.065036 0.017515 0.115154
0 0.340610 0.625401 0.016797 0.038225 0.090084
2 0.329369 0.612017 0.067106 0.125660 0.089104
0 0.450337 0.851166 0.035876 0.038883 0.088180
0 0.324501 0.656068 0.039488 0.071490 0.082183
0 0.159305 0.718216 0.108336 0.126912 0.081287
0 0.271527 0.613790 0.041433 0.065088 0.075472
0 0.209621 0.637509 0.066450 0.057191 0.073892
0 0.238956 0.648007 0.050787 0.064098 0.070119
0 0.208890 0.645634 0.060950 0.049157 0.070031
0 0.247217 0.626448 0.078579 0.099220 0.065296
0 0.256689 0.632721 0.024748 0.047054 0.064769
0 0.198686 0.645952 0.045004 0.040147 0.064240
0 0.267802 0.619233 0.033547 0.058093 0.064037
0 0.328561 0.642702 0.040348 0.082684 0.063339
0 0.215708 0.631627 0.064042 0.050481 0.063019
0 0.319210 0.629522 0.076654 0.141504 0.061288
0 0.262805 0.624163 0.027617 0.054061 0.060958
0 0.244978 0.607323 0.047811 0.042660 0.060940
0 0.394180 0.549623 0.012071 0.058783 0.059720
0 0.305107 0.571060 0.028313 0.033345 0.058511
0 0.399807 0.661747 0.029639 0.167465 0.058316
0 0.312339 0.563351 0.033811 0.039974 0.058240
0 0.172288 0.694762 0.091419 0.082490 0.057635
0 0.244103 0.628357 0.064540 0.081223 0.056983
0 0.335417 0.628455 0.029206 0.055928 0.055975
0 0.317884 0.558161 0.032834 0.034228 0.055746
0 0.402082 0.701609 0.020372 0.092614 0.055501
0 0.169368 0.690999 0.113476 0.118856 0.055120
0 0.280491 0.603379 0.059612 0.082310 0.054943
0 0.232527 0.622222 0.040944 0.036538 0.051494
0 0.262321 0.614959 0.046985 0.064497 0.051476
