0 0.161287 0.463600 0.104553 0.209388 0.891026
0 0.259328 0.676209 0.253943 0.647398 0.867252
0 0.937312 0.821879 0.125072 0.353801 0.791773
0 0.831759 0.330189 0.336345 0.219183 0.553867
0 0.930478 0.391335 0.138202 0.148838 0.111311
0 0.953789 0.676667 0.092294 0.635368 0.095508
0 0.971073 0.611357 0.057854 0.472775 0.088555
0 0.820990 0.289972 0.322956 0.146025 0.079267
0 0.971200 0.430461 0.056773 0.124765 0.071283
0 0.970825 0.412044 0.058095 0.089350 0.059702
0 0.932578 0.425702 0.134844 0.216462 0.054766
