0 0.368413 0.826606 0.176151 0.343696 0.528035
1 0.873085 0.832464 0.233067 0.036368 0.521076
1 0.368309 0.754538 0.484431 0.044076 0.486407
0 0.435735 0.843026 0.027652 0.048306 0.473411
0 0.663706 0.808019 0.189526 0.368407 0.419148
0 0.712222 0.930894 0.070448 0.136190 0.321177
1 0.325491 0.756253 0.581883 0.035244 0.248406
0 0.392848 0.968199 0.056979 0.063602 0.217463
1 0.228197 0.756040 0.384633 0.033143 0.144712
0 0.729537 0.932358 0.101902 0.135284 0.139973
0 0.347970 0.879141 0.144810 0.239485 0.134683
1 0.851559 0.833367 0.281984 0.045432 0.126941
1 0.726747 0.835517 0.532069 0.064935 0.102008
2 0.690166 0.816309 0.234665 0.365686 0.089457
0 0.426522 0.738924 0.122716 0.250984 0.085321
0 0.398003 0.824739 0.115559 0.339687 0.081583
0 0.378034 0.968388 0.087884 0.062993 0.074509
0 0.438187 0.699876 0.055957 0.097544 0.071811
1 0.804494 0.834608 0.375378 0.055587 0.070482
0 0.408427 0.794131 0.097169 0.305670 0.068095
1 0.315194 0.758453 0.556646 0.053993 0.056091
