4 0.763373 0.801134 0.128103 0.090448 0.744140
4 0.854630 0.696027 0.290144 0.143694 0.713860
4 0.154315 0.800843 0.308239 0.164495 0.677159
2 0.506921 0.791428 0.985350 0.282023 0.655283
4 0.594419 0.672139 0.174425 0.047853 0.590113
4 0.955268 0.869349 0.077680 0.035852 0.466604
4 0.459744 0.705052 0.075364 0.040940 0.419620
4 0.879237 0.786885 0.070952 0.047484 0.401907
4 0.447445 0.664358 0.048763 0.028130 0.207977
4 0.153339 0.854852 0.306678 0.278082 0.174379
2 0.145195 0.899663 0.289659 0.200674 0.164718
4 0.934972 0.718013 0.130056 0.083348 0.146696
4 0.778098 0.661809 0.142044 0.073435 0.114736
4 0.154149 0.746362 0.090326 0.043404 0.113404
4 0.213960 0.763978 0.189496 0.077930 0.108457
4 0.781249 0.657513 0.113699 0.061911 0.066280
4 0.236690 0.762473 0.141140 0.072728 0.058985
4 0.741747 0.680605 0.070484 0.033381 0.051814
4 0.910641 0.719322 0.178718 0.088807 0.050651
2 0.153988 0.863864 0.307220 0.272271 0.050564
