2 0.816085 0.763745 0.367644 0.431157 0.572991
2 0.546212 0.801662 0.201818 0.317384 0.539405
1 0.213579 0.736787 0.427157 0.050189 0.500161
1 0.572621 0.598403 0.143459 0.024620 0.422738
3 0.794947 0.634510 0.410106 0.325348 0.319243
3 0.159772 0.620401 0.319543 0.273775 0.183913
1 0.559776 0.531298 0.112023 0.023852 0.146485
3 0.832482 0.641037 0.335037 0.238498 0.142101
2 0.850567 0.797789 0.298575 0.371710 0.114111
3 0.813851 0.717937 0.372299 0.394524 0.111781
1 0.658781 0.709719 0.161969 0.032203 0.108702
1 0.930082 0.948833 0.139324 0.034301 0.069286
3 0.153633 0.689540 0.307044 0.394436 0.063718
