0 0.268908 0.663019 0.044501 0.070966 0.477236
0 0.334695 0.600011 0.012330 0.032652 0.463552
0 0.262714 0.806962 0.147228 0.372716 0.451212
0 0.307180 0.587069 0.030969 0.071495 0.448852
0 0.313578 0.568580 0.016927 0.041750 0.280689
0 0.260224 0.862802 0.141650 0.257278 0.263567
0 0.317284 0.563997 0.010208 0.030877 0.258133
0 0.292476 0.552313 0.008165 0.026289 0.257701
0 0.344815 0.548217 0.009739 0.026284 0.249809
0 0.136283 0.668821 0.066658 0.065838 0.194463
0 0.328424 0.701409 0.019571 0.160819 0.188552
1 0.239478 0.622248 0.125537 0.013691 0.144768
1 0.377999 0.620612 0.098782 0.012260 0.138850
0 0.292838 0.546849 0.009377 0.038468 0.136006
0 0.274146 0.649497 0.055761 0.093086 0.130467
0 0.330721 0.686226 0.017238 0.165187 0.118865
0 0.474791 0.734453 0.045743 0.104700 0.106109
1 0.356141 0.620091 0.147141 0.014819 0.101437
0 0.144468 0.657620 0.080399 0.083927 0.093565
0 0.336726 0.600995 0.017036 0.038333 0.090178
0 0.161953 0.645553 0.040785 0.039806 0.080537
0 0.205627 0.603436 0.021845 0.025007 0.067064
0 0.165343 0.641583 0.050702 0.046232 0.059860
0 0.302982 0.594610 0.036007 0.066310 0.056682
0 0.123561 0.683333 0.043002 0.039933 0.055421
0 0.382288 0.551909 0.015170 0.024382 0.053016
1 0.375561 0.615191 0.092957 0.015159 0.051682
0 0.280010 0.634442 0.067901 0.126607 0.051148
