3 0.417729 0.674398 0.752853 0.173485 0.681387
3 0.666479 0.606236 0.074223 0.021417 0.570330
0 0.601990 0.857690 0.108864 0.136180 0.467762
0 0.056374 0.968925 0.111812 0.061540 0.225401
2 0.605657 0.857906 0.115196 0.136351 0.187745
1 0.930193 0.807078 0.139615 0.036132 0.182135
1 0.747600 0.857250 0.231712 0.040977 0.180014
0 0.086098 0.968599 0.052583 0.062633 0.071770
3 0.056175 0.969181 0.111724 0.061638 0.071630
2 0.690418 0.856159 0.287680 0.140354 0.066467
0 0.903874 0.893246 0.191530 0.190016 0.063944
3 0.671128 0.607593 0.084125 0.027092 0.051125
