2 0.128616 0.953815 0.256846 0.092370 0.579243
3 0.586327 0.588240 0.077957 0.023222 0.578051
2 0.211647 0.812956 0.217490 0.071919 0.547299
3 0.778400 0.597945 0.055014 0.018115 0.484092
2 0.160070 0.882605 0.320139 0.234224 0.449938
1 0.865906 0.724617 0.207848 0.037022 0.349412
1 0.803863 0.731190 0.101145 0.021114 0.213826
1 0.180695 0.714423 0.353431 0.036190 0.199764
1 0.897798 0.722092 0.149477 0.033674 0.195814
2 0.209438 0.820598 0.188042 0.056382 0.147781
1 0.201048 0.818463 0.210270 0.046331 0.134857
1 0.854742 0.730193 0.197014 0.024373 0.124480
0 0.789892 0.675050 0.107601 0.095271 0.078671
3 0.778555 0.598182 0.061076 0.023325 0.060931
