4 0.663498 0.781425 0.093018 0.048171 0.735331
4 0.405338 0.700866 0.069046 0.033878 0.563272
4 0.435380 0.763983 0.283839 0.062529 0.316451
4 0.473699 0.672545 0.069200 0.039257 0.197832
0 0.144852 0.860531 0.288612 0.272223 0.166194
4 0.431807 0.751062 0.289319 0.088878 0.156579
4 0.595941 0.886342 0.042542 0.055716 0.153979
0 0.601169 0.863593 0.060340 0.143973 0.126292
4 0.469744 0.728638 0.067559 0.032982 0.122277
4 0.509334 0.767628 0.124632 0.049965 0.095837
4 0.599119 0.859107 0.051400 0.133815 0.093911
4 0.604288 0.824021 0.057375 0.055873 0.077810
4 0.596785 0.887302 0.044984 0.077845 0.077805
0 0.607347 0.851246 0.068046 0.119091 0.075777
4 0.490903 0.728241 0.119969 0.036711 0.067474
0 0.614043 0.831307 0.062440 0.068760 0.057724
4 0.454479 0.763853 0.233668 0.049990 0.056706
0 0.195804 0.841922 0.386626 0.301037 0.050464
