2 0.479821 0.891524 0.074557 0.211025 0.579288
0 0.383365 0.889435 0.024634 0.215269 0.326172
0 0.448089 0.725458 0.014725 0.117393 0.237086
0 0.410358 0.612573 0.021437 0.092813 0.232144
0 0.387564 0.882735 0.034400 0.229605 0.216076
0 0.447252 0.680808 0.011931 0.048659 0.206231
0 0.412784 0.618851 0.017731 0.079338 0.161087
2 0.386189 0.887397 0.034326 0.220086 0.159685
0 0.405520 0.727915 0.020352 0.125035 0.149916
0 0.448534 0.740525 0.018141 0.141178 0.144384
0 0.403761 0.585018 0.015741 0.039299 0.133699
0 0.415138 0.624062 0.016691 0.080471 0.132886
2 0.478949 0.845912 0.080835 0.305327 0.129975
0 0.406679 0.806907 0.018527 0.292689 0.118531
0 0.406030 0.760444 0.019865 0.190734 0.105408
0 0.369634 0.754752 0.009217 0.054104 0.103382
0 0.419308 0.679248 0.009577 0.052799 0.097401
0 0.405027 0.692936 0.019680 0.072885 0.079524
0 0.398199 0.853671 0.030892 0.292658 0.069101
0 0.417564 0.667298 0.015328 0.077862 0.066034
0 0.407269 0.684320 0.022092 0.065273 0.057786
0 0.402831 0.704788 0.020728 0.086955 0.056466
