1 0.829455 0.437904 0.195793 0.051972 0.602255
2 0.505912 0.577632 0.300728 0.260835 0.435196
1 0.696160 0.269157 0.162348 0.037117 0.379722
1 0.889337 0.198360 0.217913 0.045538 0.325841
1 0.226160 0.323797 0.446424 0.058857 0.280231
3 0.879925 0.161701 0.240151 0.321344 0.174276
1 0.744190 0.368517 0.146615 0.037471 0.136451
0 0.454964 0.401876 0.048808 0.149525 0.127338
3 0.528364 0.162656 0.093254 0.186555 0.116584
0 0.467955 0.355955 0.076643 0.242177 0.091779
3 0.194292 0.182459 0.387697 0.341425 0.080265
3 0.893142 0.231551 0.213715 0.438341 0.068505
1 0.341944 0.322220 0.224360 0.042393 0.062551
1 0.694432 0.265512 0.184331 0.048427 0.057695
2 0.489806 0.470431 0.218341 0.466003 0.053404
