0 0.543792 0.785848 0.079225 0.184673 0.627308
0 0.428125 0.852857 0.029931 0.294287 0.384180
0 0.485483 0.921878 0.036521 0.149036 0.375580
0 0.312579 0.873641 0.062164 0.238149 0.348887
0 0.634621 0.957326 0.044645 0.078508 0.312294
0 0.644936 0.974932 0.023276 0.046504 0.245473
0 0.637333 0.967190 0.040823 0.061022 0.238515
0 0.311117 0.902186 0.049900 0.181612 0.192987
0 0.215759 0.913393 0.074068 0.158128 0.183039
0 0.099488 0.741982 0.055856 0.058742 0.157188
0 0.551522 0.814510 0.061969 0.130314 0.155287
0 0.081667 0.805636 0.092918 0.089751 0.145772
0 0.028753 0.907764 0.057506 0.162997 0.138658
0 0.318888 0.864550 0.041848 0.227865 0.127959
0 0.065520 0.851605 0.131041 0.184290 0.123153
0 0.485411 0.784960 0.068321 0.141704 0.119933
0 0.484935 0.897137 0.042120 0.192520 0.118972
0 0.500157 0.815188 0.040050 0.092429 0.117038
0 0.192407 0.675486 0.084112 0.072544 0.116824
0 0.086349 0.756514 0.029884 0.029770 0.116797
0 0.096358 0.748915 0.050300 0.044126 0.111873
0 0.629652 0.945149 0.056828 0.100204 0.107781
0 0.429576 0.766585 0.021260 0.145690 0.106722
0 0.031054 0.886042 0.061185 0.136397 0.098518
0 0.490820 0.800790 0.058172 0.113424 0.097793
0 0.086762 0.795941 0.069945 0.065017 0.095322
0 0.210419 0.932251 0.064144 0.125321 0.092828
0 0.481920 0.614716 0.011850 0.047378 0.091330
0 0.130423 0.742337 0.117738 0.148114 0.090375
0 0.105820 0.736445 0.067614 0.071934 0.089974
0 0.016955 0.811216 0.033910 0.053664 0.088699
0 0.303900 0.914231 0.055961 0.158594 0.087536
0 0.170825 0.689116 0.042883 0.035733 0.086970
0 0.427626 0.920845 0.027267 0.155236 0.080981
0 0.017160 0.917674 0.034319 0.130696 0.079294
0 0.080278 0.802998 0.077552 0.073255 0.077847
0 0.168002 0.690681 0.050606 0.044050 0.076569
0 0.106010 0.735976 0.052671 0.051206 0.072528
0 0.110989 0.780576 0.091438 0.091759 0.072102
0 0.183101 0.681758 0.066915 0.055871 0.071392
0 0.204073 0.665061 0.088109 0.072127 0.070667
0 0.044793 0.885427 0.089587 0.194222 0.069614
0 0.095063 0.789396 0.069751 0.063088 0.066530
0 0.484370 0.867045 0.054151 0.254219 0.065292
0 0.429283 0.791343 0.023316 0.141625 0.064945
0 0.432617 0.692299 0.014794 0.051791 0.064757
0 0.102504 0.787387 0.074949 0.075573 0.063124
0 0.127241 0.747042 0.140662 0.177797 0.062367
0 0.025073 0.901137 0.050145 0.119975 0.059987
0 0.330503 0.777547 0.011884 0.038960 0.059225
0 0.015317 0.901250 0.030635 0.094153 0.058036
0 0.021247 0.864658 0.042493 0.122351 0.057610
0 0.426373 0.828274 0.037091 0.336409 0.056741
0 0.019377 0.818919 0.038587 0.068395 0.052666
0 0.204443 0.941646 0.052269 0.106409 0.051745
0 0.147116 0.722951 0.129378 0.142082 0.050535
