0 0.183219 0.886328 0.118082 0.217469 0.845759
0 0.288032 0.924192 0.067091 0.124052 0.823199
0 0.477010 0.863979 0.042783 0.265423 0.741046
0 0.280020 0.848844 0.051038 0.076717 0.724308
0 0.334448 0.750642 0.045334 0.130320 0.671984
0 0.408927 0.854509 0.037196 0.281314 0.655607
0 0.430476 0.696745 0.019044 0.080631 0.601331
0 0.375619 0.680593 0.057529 0.052937 0.451753
0 0.186712 0.715457 0.060264 0.073171 0.428083
0 0.329307 0.611293 0.027436 0.051544 0.350007
1 0.217145 0.739367 0.077069 0.029243 0.319505
0 0.378017 0.608482 0.029671 0.036960 0.289876
0 0.192910 0.706325 0.050168 0.052623 0.274320
0 0.498591 0.718650 0.023227 0.070445 0.247764
0 0.108002 0.737597 0.083424 0.071681 0.243168
0 0.164534 0.746501 0.018804 0.027890 0.232987
0 0.251698 0.654788 0.064183 0.050421 0.225083
0 0.371644 0.613401 0.042904 0.052034 0.221827
0 0.245461 0.981366 0.010698 0.029008 0.216350
0 0.080721 0.758425 0.136249 0.114869 0.215976
1 0.386494 0.636690 0.081457 0.025049 0.198255
0 0.315395 0.580925 0.051562 0.047122 0.182294
0 0.502081 0.722431 0.030084 0.076365 0.179265
1 0.280436 0.671247 0.145228 0.028841 0.176342
0 0.246139 0.661658 0.053644 0.038349 0.171248
0 0.321963 0.579999 0.036372 0.039960 0.164298
0 0.328662 0.582283 0.035807 0.049347 0.162708
0 0.367751 0.620897 0.050141 0.055772 0.156362
0 0.091015 0.752473 0.112434 0.092955 0.146461
0 0.257914 0.647395 0.065403 0.046795 0.139153
0 0.369104 0.570278 0.017944 0.027111 0.136659
0 0.328364 0.602077 0.031304 0.061135 0.136025
0 0.495812 0.714773 0.020617 0.066356 0.131440
0 0.171399 0.738528 0.032328 0.041435 0.128358
1 0.256011 0.679926 0.093088 0.028425 0.128163
1 0.278902 0.674819 0.123553 0.026574 0.127397
0 0.242554 0.664664 0.045122 0.031841 0.125695
1 0.263072 0.672866 0.084896 0.027775 0.121035
2 0.411420 0.575204 0.033957 0.068494 0.120429
0 0.421719 0.592348 0.018034 0.040587 0.118061
0 0.340798 0.558636 0.016999 0.019668 0.113590
1 0.282632 0.679958 0.143964 0.030159 0.113537
0 0.334353 0.605553 0.025314 0.055857 0.113167
1 0.410323 0.633941 0.126281 0.031817 0.111944
1 0.255806 0.664513 0.071713 0.036983 0.111527
1 0.389788 0.632358 0.085209 0.031941 0.107850
1 0.424240 0.631747 0.074834 0.038690 0.107253
0 0.317689 0.577445 0.061241 0.059448 0.106299
0 0.102842 0.745660 0.079730 0.061694 0.105837
0 0.097438 0.748452 0.092615 0.076667 0.105365
0 0.378486 0.689216 0.059757 0.069875 0.100131
0 0.506295 0.726053 0.039056 0.084116 0.098558
2 0.402890 0.558107 0.021453 0.034434 0.097942
0 0.036852 0.800202 0.064237 0.070752 0.096545
0 0.306920 0.786848 0.103348 0.199507 0.096231
1 0.278620 0.686903 0.156588 0.028425 0.094724
0 0.301895 0.592781 0.041656 0.042626 0.093213
0 0.331875 0.564774 0.033936 0.034156 0.092269
1 0.373103 0.620861 0.045841 0.048865 0.091755
1 0.412335 0.628852 0.102534 0.032083 0.091343
1 0.231502 0.680462 0.114972 0.032597 0.089434
0 0.371094 0.565706 0.017351 0.033735 0.085114
2 0.406907 0.579746 0.042338 0.088830 0.084713
1 0.328975 0.697926 0.052838 0.027590 0.082259
0 0.275627 0.624082 0.033040 0.028233 0.082139
0 0.427844 0.597381 0.014917 0.039857 0.081167
0 0.419417 0.586703 0.019581 0.050181 0.078937
1 0.332178 0.703488 0.049290 0.037989 0.077823
0 0.333924 0.580642 0.028451 0.045665 0.074871
1 0.321848 0.694379 0.066564 0.024271 0.074610
0 0.398670 0.557289 0.017611 0.031541 0.074343
0 0.272859 0.628405 0.034715 0.030576 0.073850
1 0.302454 0.663972 0.143099 0.024027 0.072447
0 0.078935 0.760956 0.081268 0.076090 0.072270
0 0.336747 0.611125 0.022606 0.061200 0.069889
2 0.408712 0.567846 0.031659 0.056612 0.069588
0 0.163724 0.742234 0.020541 0.033347 0.065434
0 0.221730 0.812003 0.042067 0.071721 0.064255
0 0.364159 0.573659 0.024380 0.033051 0.063495
0 0.330288 0.585604 0.035895 0.068246 0.062262
0 0.036633 0.796876 0.057014 0.052344 0.062156
0 0.080975 0.765708 0.105099 0.093366 0.061206
0 0.266019 0.636972 0.042658 0.046340 0.060413
0 0.091488 0.752446 0.074202 0.060435 0.059000
0 0.192607 0.722632 0.073234 0.070783 0.058937
0 0.072895 0.782416 0.141028 0.141681 0.057759
0 0.254331 0.646105 0.065671 0.064998 0.056664
0 0.125041 0.721847 0.056065 0.053144 0.055226
0 0.131461 0.710440 0.048318 0.041242 0.054328
0 0.458914 0.698573 0.013732 0.075111 0.051098
0 0.387253 0.604724 0.019719 0.030094 0.050137
