3 0.224659 0.334378 0.072760 0.024633 0.591865
3 0.237150 0.334450 0.046345 0.019005 0.558564
2 0.620297 0.432971 0.177434 0.260063 0.485540
3 0.171672 0.471608 0.343343 0.557239 0.468593
1 0.216793 0.669486 0.140875 0.037699 0.412809
2 0.631658 0.482951 0.206880 0.353730 0.361202
3 0.144028 0.546073 0.288056 0.441021 0.234788
1 0.678560 0.634921 0.117550 0.043790 0.163546
0 0.630925 0.484545 0.188738 0.350527 0.072966
3 0.121120 0.517398 0.242241 0.362514 0.069965
3 0.869577 0.464371 0.260846 0.308659 0.057238
