0 0.526846 0.887048 0.048942 0.201610 0.687047
0 0.103860 0.761813 0.025466 0.089547 0.622271
0 0.015767 0.949023 0.031534 0.094317 0.455467
0 0.478649 0.726939 0.049522 0.115872 0.411151
0 0.030893 0.847612 0.061534 0.065399 0.185496
0 0.030569 0.837605 0.061138 0.049242 0.179625
0 0.277539 0.625268 0.019828 0.017969 0.159887
0 0.307691 0.646031 0.039933 0.044733 0.143263
0 0.395179 0.535748 0.010554 0.019921 0.121924
1 0.032470 0.842823 0.064735 0.058902 0.108464
1 0.031691 0.833198 0.061826 0.043068 0.102223
0 0.108296 0.758185 0.030816 0.103728 0.086753
0 0.318694 0.563848 0.029282 0.029813 0.080375
0 0.133382 0.713030 0.014786 0.014280 0.073783
0 0.017455 0.936941 0.034911 0.070907 0.070541
0 0.304014 0.653318 0.032350 0.034804 0.063622
0 0.476452 0.983326 0.013901 0.030749 0.058455
0 0.464565 0.688893 0.074433 0.184645 0.057414
0 0.021264 0.922273 0.042528 0.141814 0.054144
0 0.154963 0.686584 0.012821 0.027954 0.051151
0 0.315056 0.569033 0.026275 0.028365 0.050601
