0 0.386642 0.915562 0.155101 0.168875 0.582776
0 0.820125 0.805980 0.064849 0.063886 0.418649
2 0.640922 0.719716 0.255035 0.192137 0.310739
2 0.056461 0.794926 0.111044 0.081679 0.242366
3 0.178088 0.867777 0.278308 0.264446 0.218098
3 0.227437 0.793546 0.417170 0.412909 0.184901
0 0.055781 0.796536 0.108416 0.082513 0.164457
2 0.680107 0.730028 0.330643 0.199236 0.113639
0 0.349424 0.916263 0.233535 0.167142 0.098126
2 0.671819 0.731241 0.187720 0.172473 0.092589
0 0.392520 0.724346 0.045064 0.067692 0.091572
0 0.054984 0.812733 0.109967 0.120090 0.085329
3 0.416251 0.604263 0.105753 0.126115 0.083111
1 0.215681 0.972326 0.225056 0.044357 0.075158
2 0.692212 0.744019 0.141122 0.152632 0.059066
2 0.059536 0.806044 0.118881 0.118634 0.058827
3 0.184952 0.846765 0.347768 0.306470 0.056480
2 0.554438 0.673758 0.121139 0.101054 0.052628
