3 0.561995 0.888645 0.165652 0.222711 0.703368
3 0.136559 0.753652 0.273117 0.305199 0.589435
2 0.660290 0.842636 0.268753 0.212974 0.518815
1 0.292306 0.734728 0.143496 0.027302 0.398594
1 0.882525 0.941421 0.232074 0.037860 0.330537
1 0.629712 0.737812 0.145743 0.027661 0.320203
3 0.416672 0.651537 0.058243 0.063402 0.198492
2 0.758558 0.855034 0.482032 0.246196 0.197635
1 0.257619 0.950229 0.235614 0.037557 0.113706
2 0.905917 0.882945 0.187067 0.214895 0.070287
1 0.345635 0.946232 0.405655 0.052660 0.066872
3 0.127944 0.807702 0.255889 0.379119 0.058999
