3 0.202164 0.439417 0.403083 0.410257 0.567192
0 0.328950 0.559423 0.140383 0.389812 0.485497
1 0.918297 0.422934 0.162611 0.045496 0.412894
1 0.443414 0.660723 0.268746 0.065651 0.374449
2 0.530418 0.550513 0.876010 0.413115 0.360735
0 0.833449 0.849064 0.066944 0.160784 0.331958
0 0.084622 0.433924 0.169243 0.146280 0.328213
1 0.520057 0.506977 0.359064 0.051613 0.317017
1 0.587165 0.427623 0.248896 0.035882 0.312473
1 0.523695 0.365060 0.209801 0.036652 0.287187
1 0.235289 0.460944 0.191892 0.031741 0.206471
1 0.144023 0.637779 0.268595 0.065754 0.187419
1 0.796756 0.689549 0.308194 0.109116 0.174588
1 0.497931 0.505569 0.295875 0.043210 0.144780
1 0.419856 0.544086 0.069135 0.021022 0.128457
1 0.620491 0.427545 0.294503 0.040743 0.105191
1 0.411933 0.511962 0.581704 0.059560 0.101930
1 0.902032 0.354609 0.195937 0.039140 0.084787
1 0.787228 0.672843 0.339496 0.140536 0.077907
2 0.766393 0.616188 0.371638 0.273660 0.077034
1 0.887452 0.421162 0.225095 0.036538 0.072014
0 0.772983 0.649735 0.375255 0.359000 0.067816
1 0.918926 0.430233 0.162149 0.065598 0.067604
0 0.310394 0.594544 0.105620 0.333417 0.067420
1 0.237125 0.544186 0.160831 0.035115 0.066443
1 0.749097 0.654480 0.373277 0.162015 0.061346
0 0.082732 0.469180 0.165465 0.211928 0.060558
0 0.280665 0.558332 0.268800 0.403049 0.052227
1 0.207543 0.540338 0.229715 0.046792 0.051666
0 0.366799 0.442338 0.086790 0.175254 0.051588
