0 0.654769 0.647466 0.243130 0.702412 0.822980
0 0.541238 0.101130 0.067795 0.202104 0.706417
0 0.708324 0.116993 0.046509 0.075289 0.469585
0 0.417778 0.050575 0.017560 0.091386 0.191699
0 0.714202 0.124033 0.037613 0.075078 0.177453
0 0.514322 0.144614 0.017185 0.119676 0.106015
0 0.559940 0.045827 0.034015 0.091602 0.096861
0 0.511314 0.149134 0.015386 0.109750 0.084846
0 0.549719 0.052167 0.051703 0.104333 0.062004
0 0.419931 0.039497 0.021359 0.077178 0.052501
0 0.416219 0.050501 0.024343 0.099675 0.050089
