0 0.460717 0.911159 0.037660 0.171624 0.673949
0 0.532129 0.818492 0.037031 0.152384 0.572704
0 0.530239 0.797806 0.042111 0.192604 0.414598
0 0.589750 0.977310 0.014280 0.042820 0.367597
0 0.330771 0.667663 0.032134 0.082462 0.251717
0 0.336045 0.670789 0.043284 0.088248 0.228053
0 0.475371 0.649826 0.029734 0.063853 0.216400
0 0.477465 0.655401 0.024620 0.055645 0.208734
0 0.396209 0.898898 0.029842 0.062131 0.207134
2 0.461436 0.911175 0.047221 0.171371 0.177463
0 0.439133 0.697287 0.012030 0.051772 0.174711
0 0.352079 0.710138 0.022346 0.036428 0.170138
0 0.060539 0.795105 0.068909 0.085943 0.168217
0 0.325258 0.668283 0.023560 0.075106 0.167739
0 0.341327 0.677723 0.042200 0.095673 0.164426
0 0.093430 0.760433 0.128272 0.141748 0.152554
0 0.349115 0.705665 0.027204 0.041348 0.146006
0 0.436655 0.693836 0.014954 0.057353 0.119582
0 0.585657 0.966703 0.021946 0.058598 0.118359
0 0.469324 0.640355 0.040719 0.075727 0.113806
0 0.436530 0.682773 0.012496 0.076388 0.107482
0 0.339114 0.668604 0.051378 0.116238 0.097001
0 0.446661 0.612665 0.014748 0.048866 0.095950
0 0.320949 0.604073 0.019154 0.055242 0.091843
0 0.059998 0.791868 0.099008 0.103770 0.078897
0 0.434345 0.685584 0.019139 0.077303 0.075014
0 0.346367 0.702842 0.034028 0.051002 0.071288
0 0.445722 0.607503 0.018851 0.057932 0.068730
0 0.081472 0.774882 0.128085 0.121790 0.066722
0 0.588279 0.973011 0.019203 0.049173 0.065157
0 0.078570 0.789161 0.152024 0.177538 0.064577
0 0.455224 0.618309 0.019776 0.048799 0.064099
0 0.048043 0.810373 0.096086 0.122733 0.062958
0 0.325108 0.596054 0.020107 0.051749 0.059854
0 0.482711 0.654777 0.059957 0.089749 0.059484
0 0.393124 0.891284 0.031503 0.070487 0.058640
0 0.313286 0.616044 0.027679 0.061522 0.054624
0 0.282976 0.582918 0.029604 0.033296 0.053910
0 0.507466 0.715256 0.013032 0.042189 0.053638
0 0.398452 0.909210 0.033170 0.063748 0.050399
