0 0.076645 0.927727 0.063123 0.088110 0.721005
1 0.699266 0.787551 0.221193 0.070274 0.516159
0 0.235139 0.737800 0.175017 0.223573 0.468408
0 0.580752 0.796298 0.115187 0.207958 0.395414
0 0.185895 0.795671 0.276367 0.331766 0.370559
0 0.845213 0.664405 0.087697 0.053618 0.345760
0 0.571231 0.763345 0.094246 0.134786 0.345110
0 0.701251 0.788038 0.212887 0.072784 0.329776
0 0.621091 0.672869 0.092353 0.104034 0.257061
0 0.783300 0.733460 0.433400 0.204549 0.160737
0 0.911787 0.775089 0.176425 0.148860 0.130247
0 0.606273 0.838323 0.073027 0.137479 0.126806
0 0.637405 0.672441 0.131037 0.101033 0.117691
0 0.885347 0.751747 0.228526 0.152597 0.106134
1 0.668693 0.677337 0.227930 0.042153 0.090480
0 0.913595 0.756941 0.169694 0.098642 0.089577
1 0.261243 0.787863 0.104408 0.024240 0.083178
0 0.834298 0.748102 0.331405 0.215943 0.070350
0 0.859305 0.738569 0.279415 0.144769 0.058845
1 0.669881 0.670363 0.229135 0.063887 0.057160
0 0.920953 0.801464 0.158095 0.194101 0.054356
