4 0.635010 0.817133 0.094515 0.052435 0.678739
2 0.652197 0.811302 0.648028 0.377396 0.458673
2 0.704701 0.850478 0.574535 0.299044 0.308764
4 0.606216 0.684653 0.054692 0.028653 0.305862
4 0.715873 0.975660 0.134015 0.048308 0.207585
2 0.394779 0.664622 0.171514 0.103872 0.198232
4 0.589386 0.761166 0.109222 0.060775 0.155683
2 0.516227 0.949494 0.174782 0.100932 0.116094
2 0.425913 0.666492 0.236855 0.108114 0.084975
4 0.695795 0.976875 0.184154 0.046251 0.061805
2 0.472879 0.664045 0.336864 0.115212 0.060130
2 0.601372 0.679645 0.584985 0.132351 0.056923
2 0.557453 0.946885 0.270001 0.106230 0.054475
