0 0.391216 0.787857 0.078065 0.169269 0.765283
1 0.425651 0.896843 0.426760 0.198853 0.260321
1 0.347086 0.892866 0.598141 0.206154 0.233963
1 0.143293 0.798939 0.286585 0.049908 0.231496
1 0.150150 0.808167 0.300301 0.068014 0.210039
1 0.729792 0.643769 0.171455 0.023501 0.187241
1 0.168652 0.821986 0.337304 0.093729 0.175906
1 0.412367 0.864830 0.392828 0.139682 0.148401
0 0.565101 0.938006 0.151482 0.123989 0.135889
1 0.276919 0.835271 0.124338 0.079790 0.106946
1 0.324512 0.863859 0.649024 0.175113 0.105909
0 0.645589 0.725178 0.088127 0.197563 0.085031
