0 0.427251 0.728810 0.034679 0.163248 0.592826
0 0.678093 0.903985 0.086738 0.107857 0.547736
1 0.393565 0.707240 0.784462 0.053641 0.515767
0 0.102002 0.827939 0.197109 0.255577 0.505732
1 0.306006 0.914663 0.338640 0.071587 0.392605
1 0.267084 0.716059 0.531300 0.043921 0.379397
0 0.166321 0.660341 0.109611 0.116672 0.255655
0 0.706402 0.923550 0.145617 0.152901 0.181573
1 0.468437 0.701935 0.622298 0.048390 0.170604
1 0.331676 0.711977 0.663351 0.047699 0.151892
1 0.367317 0.706952 0.676181 0.038435 0.146986
1 0.220063 0.718566 0.438469 0.036669 0.093315
1 0.264963 0.919411 0.253991 0.060120 0.078698
0 0.180941 0.646011 0.140018 0.133929 0.074674
0 0.636645 0.849110 0.168919 0.209348 0.053435
0 0.151924 0.676462 0.079017 0.079501 0.050982
