3 0.072197 0.848368 0.144366 0.098012 0.731195
0 0.398482 0.480957 0.069256 0.094323 0.575822
2 0.467326 0.689649 0.256183 0.104149 0.525086
1 0.467965 0.690677 0.260114 0.101621 0.422735
0 0.535051 0.499253 0.034446 0.075652 0.403591
3 0.509541 0.920375 0.921038 0.156329 0.270620
1 0.894758 0.689962 0.210161 0.106599 0.195235
0 0.882194 0.683870 0.186846 0.111863 0.147767
0 0.537268 0.506030 0.041564 0.089886 0.145798
0 0.862631 0.686052 0.140910 0.102465 0.111872
1 0.073539 0.750914 0.147078 0.119224 0.107729
1 0.468762 0.709808 0.263454 0.058432 0.081380
0 0.071747 0.741268 0.143494 0.121445 0.070603
1 0.904778 0.699312 0.190445 0.073421 0.055778
