3 0.126593 0.503558 0.093400 0.027311 0.653450
3 0.888206 0.738490 0.223129 0.458355 0.558156
3 0.225233 0.625006 0.446661 0.359443 0.546768
1 0.114959 0.750763 0.178398 0.041315 0.515535
2 0.699718 0.829220 0.255574 0.295499 0.405053
2 0.534593 0.825104 0.636792 0.300034 0.296472
2 0.309448 0.832670 0.178574 0.173144 0.215372
3 0.209933 0.682065 0.418590 0.376431 0.102138
2 0.297770 0.578099 0.223009 0.142898 0.074564
1 0.513635 0.796176 0.260035 0.051438 0.064985
0 0.328337 0.837710 0.104677 0.173947 0.059829
2 0.161479 0.621329 0.200617 0.109643 0.057418
2 0.690133 0.747856 0.125778 0.125063 0.056883
2 0.240888 0.594201 0.331571 0.175472 0.055408
1 0.304223 0.622195 0.199333 0.037411 0.050908
