0 0.748856 0.952675 0.103481 0.093542 0.326737
0 0.775661 0.952832 0.153077 0.094335 0.215919
0 0.593501 0.906615 0.124883 0.186770 0.209484
0 0.623538 0.959869 0.114641 0.080263 0.105450
0 0.609016 0.961689 0.080793 0.076621 0.096960
0 0.249803 0.921935 0.093751 0.155805 0.070351
0 0.621240 0.923167 0.144624 0.153666 0.068512
0 0.622731 0.940397 0.129498 0.119059 0.067523
0 0.641932 0.856301 0.051592 0.048542 0.062862
0 0.235678 0.940633 0.099249 0.118351 0.062669
0 0.716266 0.913348 0.184660 0.170363 0.052369
0 0.252031 0.946145 0.053279 0.097319 0.051347
