0 0.955110 0.971022 0.089073 0.057357 0.444043
0 0.213942 0.876234 0.091609 0.247011 0.419146
2 0.509050 0.821593 0.879128 0.356814 0.309651
2 0.497688 0.746935 0.779291 0.203757 0.248154
1 0.841182 0.908502 0.221800 0.046266 0.168358
1 0.647605 0.790791 0.495616 0.070131 0.147513
1 0.739662 0.800291 0.308393 0.052730 0.131487
1 0.860231 0.913991 0.262065 0.059595 0.131069
1 0.863171 0.931085 0.267693 0.096730 0.108612
2 0.586427 0.740752 0.604684 0.177054 0.097037
0 0.865926 0.940255 0.266009 0.119490 0.083122
1 0.695290 0.796186 0.404826 0.059758 0.081733
1 0.814847 0.907769 0.171774 0.041791 0.060824
