4 0.754076 0.854032 0.130714 0.068409 0.529287
4 0.758623 0.862582 0.120582 0.052076 0.393151
4 0.216580 0.857507 0.432967 0.213592 0.211836
4 0.214156 0.818727 0.420822 0.127501 0.207793
4 0.382225 0.910035 0.764450 0.179930 0.118271
4 0.542564 0.921502 0.786699 0.154629 0.102036
4 0.813901 0.947303 0.278908 0.082032 0.098145
4 0.718548 0.942601 0.454865 0.104321 0.091373
4 0.900834 0.936413 0.117171 0.099302 0.087812
4 0.271033 0.809774 0.308948 0.106772 0.086456
4 0.282646 0.879720 0.565293 0.240560 0.083309
4 0.651277 0.931905 0.263593 0.115964 0.076747
4 0.315544 0.803612 0.205750 0.085188 0.069472
4 0.548031 0.922481 0.498914 0.148759 0.061057
4 0.696306 0.780918 0.044917 0.039245 0.051872
4 0.883275 0.929059 0.113704 0.094733 0.050956
4 0.885270 0.929403 0.083053 0.083908 0.050524
