1 0.443680 0.649920 0.152083 0.045561 0.698390
2 0.829742 0.536455 0.340515 0.641188 0.570869
1 0.504430 0.506183 0.260891 0.043913 0.549608
2 0.237959 0.596929 0.472346 0.606064 0.518837
1 0.523892 0.501432 0.323813 0.053720 0.401524
3 0.218848 0.478149 0.437697 0.482493 0.381835
1 0.563997 0.494787 0.403459 0.068151 0.282244
0 0.394256 0.351979 0.097948 0.137125 0.229224
1 0.500945 0.319452 0.129688 0.029893 0.200182
1 0.732525 0.817114 0.183162 0.059068 0.166857
3 0.225410 0.401045 0.450186 0.377994 0.159698
2 0.829150 0.350066 0.340544 0.284519 0.114558
1 0.952263 0.585629 0.095137 0.051362 0.108932
2 0.428647 0.352284 0.200235 0.135395 0.106029
0 0.542909 0.213660 0.022641 0.042659 0.093935
1 0.867946 0.771792 0.238717 0.112242 0.093888
3 0.229185 0.580265 0.458369 0.649952 0.091084
1 0.805368 0.783237 0.353877 0.128904 0.089768
1 0.750666 0.810988 0.228113 0.069587 0.087275
1 0.717531 0.820486 0.155766 0.047452 0.077304
3 0.911985 0.281855 0.175636 0.148308 0.068269
2 0.398591 0.351793 0.128773 0.136448 0.064321
1 0.949527 0.596533 0.100264 0.067849 0.060315
2 0.829234 0.412087 0.341531 0.400586 0.056600
