0 0.885666 0.853443 0.225332 0.233855 0.783893
0 0.626656 0.791093 0.207376 0.413840 0.594974
1 0.778833 0.723428 0.374595 0.037730 0.564483
0 0.582213 0.726031 0.123554 0.295838 0.456176
0 0.691773 0.936571 0.071513 0.126056 0.329337
1 0.099627 0.794296 0.198933 0.032723 0.295000
1 0.658960 0.647787 0.183184 0.031505 0.285955
1 0.961403 0.890129 0.077193 0.039127 0.203068
1 0.101798 0.796991 0.203277 0.046626 0.173518
0 0.163792 0.716248 0.107986 0.097467 0.166821
0 0.783769 0.752335 0.024432 0.042654 0.078494
1 0.962961 0.897900 0.074078 0.052298 0.077544
1 0.682399 0.643836 0.155901 0.027590 0.052454
