3 0.457722 0.549793 0.147211 0.046857 0.762780
1 0.867870 0.469801 0.260855 0.036609 0.437892
2 0.172823 0.707036 0.092162 0.086725 0.262682
3 0.461242 0.367140 0.054391 0.014933 0.217600
3 0.565400 0.448316 0.073130 0.026539 0.135132
3 0.991646 0.457830 0.016447 0.022275 0.131871
0 0.830164 0.576686 0.106338 0.107156 0.118259
3 0.289262 0.355505 0.071541 0.017620 0.108492
3 0.634982 0.437426 0.225296 0.070558 0.103147
0 0.110849 0.826934 0.221697 0.336714 0.096397
3 0.932890 0.796585 0.134221 0.345636 0.062437
3 0.647657 0.415960 0.194006 0.115052 0.050873
