3 0.466788 0.452445 0.389758 0.265494 0.979738
0 0.453452 0.762384 0.073167 0.111974 0.908561
0 0.453701 0.625675 0.069117 0.163511 0.863313
0 0.464844 0.287211 0.020024 0.062196 0.751564
1 0.724803 0.388336 0.129334 0.034997 0.736763
0 0.674137 0.182794 0.119571 0.104550 0.688070
0 0.515621 0.793778 0.038956 0.408204 0.654203
1 0.136183 0.452271 0.272325 0.042701 0.614144
0 0.527521 0.794611 0.062517 0.410271 0.418039
0 0.700091 0.157851 0.065153 0.051553 0.265003
0 0.685323 0.165111 0.092242 0.060916 0.136287
0 0.540772 0.795375 0.087655 0.409251 0.078594
0 0.708094 0.149371 0.082746 0.063407 0.076230
1 0.124981 0.038641 0.169524 0.028374 0.055578
