0 0.086594 0.789656 0.172711 0.146009 0.513659
0 0.435318 0.797714 0.012910 0.056331 0.505455
0 0.095873 0.770394 0.157461 0.106264 0.282460
0 0.344740 0.714779 0.009730 0.028168 0.200430
0 0.086967 0.819539 0.173497 0.208562 0.173614
1 0.399854 0.619022 0.056841 0.013798 0.153941
1 0.375200 0.716486 0.062868 0.021480 0.112751
0 0.207006 0.657068 0.054996 0.034665 0.112340
0 0.210877 0.653918 0.046359 0.030249 0.099274
0 0.115113 0.765717 0.116889 0.091748 0.080440
0 0.221414 0.652663 0.030394 0.026008 0.071461
1 0.401996 0.613533 0.057525 0.012997 0.065773
0 0.214053 0.653669 0.056211 0.040068 0.054707
