2 0.904259 0.264338 0.191482 0.208854 0.497664
2 0.184444 0.772200 0.336355 0.452145 0.453600
1 0.471085 0.184652 0.120734 0.034643 0.252160
2 0.379692 0.773033 0.759383 0.452753 0.243782
2 0.513410 0.206958 0.200764 0.103623 0.242148
2 0.249872 0.772746 0.491492 0.452222 0.213195
2 0.932969 0.264814 0.134062 0.208245 0.197919
2 0.371299 0.897087 0.742597 0.204290 0.180953
2 0.358580 0.854200 0.716676 0.289678 0.144115
1 0.656472 0.825420 0.199969 0.054604 0.114954
2 0.897701 0.302510 0.204597 0.301043 0.112818
2 0.904705 0.367395 0.190423 0.427927 0.104425
2 0.906914 0.573453 0.186172 0.850945 0.101680
1 0.493938 0.193533 0.166672 0.051946 0.090586
1 0.508393 0.871388 0.400545 0.135269 0.071451
2 0.932649 0.358980 0.134337 0.404304 0.063237
1 0.891615 0.236433 0.208864 0.040978 0.060808
1 0.503622 0.884584 0.256008 0.065125 0.060772
