0 0.096005 0.929438 0.187170 0.141115 0.357854
1 0.620567 0.346427 0.147786 0.034920 0.329113
2 0.574017 0.628047 0.848254 0.635691 0.304972
4 0.985358 0.243400 0.029284 0.050502 0.277832
2 0.501270 0.793102 0.997040 0.413291 0.176378
3 0.046155 0.811146 0.092181 0.099232 0.148113
2 0.127724 0.929608 0.255340 0.140784 0.130849
4 0.986067 0.257615 0.027867 0.079175 0.107990
3 0.034412 0.816759 0.068507 0.088105 0.097008
2 0.574074 0.658749 0.847210 0.433821 0.092656
0 0.051418 0.812176 0.102837 0.115447 0.089361
4 0.981094 0.241021 0.036224 0.056320 0.077776
2 0.672684 0.634652 0.653416 0.729872 0.067162
