0 0.406240 0.788307 0.012643 0.075298 0.605096
0 0.425488 0.700106 0.029695 0.164033 0.596432
0 0.451581 0.886433 0.026557 0.222088 0.482361
0 0.237263 0.751679 0.047415 0.074625 0.479410
0 0.383127 0.614295 0.032527 0.112306 0.441955
0 0.318732 0.634661 0.022952 0.032271 0.388851
0 0.415573 0.555279 0.015436 0.068266 0.300457
0 0.391995 0.588259 0.017417 0.068909 0.281404
0 0.394846 0.579769 0.012336 0.057151 0.201963
0 0.394609 0.512122 0.013109 0.016930 0.196485
0 0.430087 0.717897 0.025687 0.133794 0.188397
0 0.078452 0.754935 0.156903 0.157691 0.166698
0 0.046656 0.774207 0.093312 0.092392 0.146147
0 0.127624 0.705927 0.048146 0.041238 0.141053
0 0.435461 0.599991 0.014681 0.027665 0.140736
0 0.432162 0.751717 0.021848 0.066039 0.131236
0 0.420550 0.646782 0.020499 0.062199 0.127486
0 0.436492 0.749185 0.022438 0.074780 0.125871
0 0.458746 0.904199 0.034418 0.186945 0.122303
0 0.254540 0.607739 0.045179 0.039118 0.122116
0 0.188985 0.662720 0.051558 0.048036 0.119452
0 0.380074 0.643307 0.029714 0.055821 0.116356
0 0.230232 0.761014 0.038878 0.060039 0.096239
0 0.191974 0.659032 0.042873 0.035535 0.095377
0 0.199679 0.655290 0.039673 0.033634 0.085420
0 0.121093 0.710762 0.063219 0.052464 0.081138
0 0.227761 0.629882 0.096969 0.083220 0.071914
0 0.122623 0.709057 0.075497 0.062767 0.068627
0 0.249994 0.611835 0.051159 0.042525 0.068146
0 0.247783 0.613954 0.061284 0.052363 0.067607
0 0.316653 0.641374 0.029471 0.047064 0.064259
0 0.412166 0.528578 0.022304 0.034772 0.063774
0 0.111779 0.717867 0.080767 0.070074 0.062542
0 0.134964 0.701524 0.067392 0.055873 0.060945
0 0.411874 0.562054 0.017872 0.079924 0.060083
0 0.207343 0.649131 0.053798 0.043316 0.058999
0 0.437197 0.599167 0.018404 0.032583 0.051020
0 0.046878 0.806761 0.093755 0.160868 0.050581
0 0.070029 0.785765 0.140059 0.165322 0.050029
