0 0.153595 0.812913 0.253633 0.318891 0.850928
0 0.532566 0.748045 0.121134 0.235856 0.822653
1 0.673913 0.672674 0.307416 0.055734 0.728147
0 0.911070 0.774697 0.177861 0.149699 0.417750
0 0.634938 0.935271 0.076504 0.129457 0.196566
0 0.573005 0.812855 0.192517 0.367764 0.157422
0 0.906025 0.808046 0.187579 0.225939 0.109064
1 0.610555 0.683583 0.179817 0.034205 0.083598
0 0.902596 0.747751 0.170466 0.099930 0.072116
1 0.660307 0.675975 0.266585 0.042046 0.063599
1 0.777007 0.656897 0.111209 0.031967 0.060447
0 0.874362 0.766472 0.251233 0.210048 0.050069
