0 0.796962 0.894672 0.197741 0.208846 0.730656
0 0.691719 0.846597 0.243665 0.288785 0.728645
0 0.523935 0.629876 0.061030 0.084016 0.548691
1 0.826013 0.839373 0.120122 0.033562 0.311160
1 0.936265 0.871350 0.127470 0.032715 0.301410
0 0.500648 0.685167 0.031366 0.036697 0.277978
1 0.660402 0.664576 0.103358 0.022000 0.167991
0 0.628560 0.695649 0.063460 0.065646 0.111049
1 0.934667 0.870313 0.130423 0.046460 0.073986
0 0.200180 0.820850 0.184866 0.263870 0.073479
0 0.877189 0.712863 0.054324 0.028912 0.056493
0 0.495099 0.687250 0.045880 0.039501 0.053308
0 0.787714 0.702698 0.424571 0.249894 0.053219
0 0.929414 0.727570 0.026794 0.024311 0.052265
0 0.218962 0.793029 0.211811 0.307956 0.052170
