0 0.356038 0.801384 0.030980 0.180335 0.738094
0 0.329424 0.622248 0.012427 0.058869 0.585958
0 0.318078 0.683547 0.017518 0.056424 0.566427
0 0.446064 0.933443 0.034161 0.125168 0.452789
0 0.318646 0.553037 0.012892 0.032450 0.266444
0 0.321477 0.546227 0.018067 0.048334 0.191685
0 0.318820 0.665063 0.018528 0.100729 0.157140
0 0.325186 0.538440 0.021605 0.053846 0.122864
0 0.442548 0.923183 0.042216 0.144161 0.092096
0 0.327538 0.531199 0.021021 0.055473 0.061260
0 0.325965 0.625198 0.018403 0.060456 0.052448
