4 0.894308 0.828143 0.211385 0.228673 0.554428
4 0.027634 0.800202 0.055268 0.043926 0.324179
4 0.913986 0.874058 0.172028 0.138384 0.313480
4 0.246277 0.794658 0.074480 0.045405 0.299318
4 0.152660 0.820007 0.303719 0.099230 0.279193
4 0.608973 0.653940 0.128220 0.047926 0.222739
4 0.216760 0.819034 0.171859 0.097474 0.180094
4 0.854321 0.764351 0.134000 0.071881 0.163469
4 0.037017 0.796631 0.074034 0.055980 0.095871
4 0.358730 0.744728 0.136339 0.055066 0.091216
4 0.116037 0.829424 0.231170 0.066374 0.090115
4 0.367358 0.858067 0.173482 0.053425 0.088513
4 0.305866 0.801535 0.611732 0.167405 0.084990
4 0.369926 0.746256 0.100401 0.047292 0.081324
4 0.229452 0.807406 0.458905 0.150822 0.065835
4 0.507309 0.787545 0.205342 0.125561 0.060516
4 0.342443 0.740110 0.151980 0.061864 0.053600
