4 0.366514 0.831732 0.075141 0.057831 0.732460
4 0.481876 0.832514 0.065781 0.047089 0.519950
4 0.539585 0.708434 0.152090 0.051194 0.440003
4 0.590699 0.704667 0.044620 0.031807 0.331197
2 0.385513 0.871828 0.324422 0.253985 0.204495
4 0.274535 0.879693 0.087538 0.051801 0.161038
4 0.440903 0.794006 0.086391 0.037493 0.147139
4 0.586882 0.705846 0.054001 0.038468 0.130603
0 0.404331 0.869246 0.293096 0.255733 0.120932
4 0.557773 0.705251 0.116839 0.048017 0.077467
4 0.747379 0.703056 0.058443 0.042999 0.069915
4 0.450661 0.789755 0.108094 0.047995 0.064245
