0 0.145221 0.890386 0.093229 0.174152 0.640631
1 0.931320 0.784033 0.137360 0.054155 0.422834
1 0.699072 0.816616 0.297843 0.101178 0.329033
1 0.675918 0.816642 0.202642 0.070991 0.226203
1 0.928654 0.905509 0.142539 0.067034 0.196103
1 0.930989 0.770771 0.138022 0.081396 0.142467
0 0.429000 0.785698 0.045243 0.116936 0.122816
0 0.452048 0.830886 0.124031 0.331894 0.121323
1 0.639963 0.878304 0.285388 0.204242 0.120972
1 0.675814 0.855403 0.359926 0.186121 0.100444
1 0.663680 0.835212 0.295509 0.131908 0.098867
0 0.417438 0.747985 0.070367 0.189214 0.086327
0 0.424646 0.768813 0.053128 0.150045 0.082732
1 0.928412 0.920123 0.142951 0.101291 0.055220
