1 0.651104 0.791008 0.219294 0.035315 0.473331
2 0.389484 0.701155 0.330649 0.195953 0.431387
2 0.349619 0.803486 0.543713 0.390822 0.256490
2 0.527506 0.813587 0.909366 0.372825 0.226176
2 0.506695 0.935410 0.913064 0.129115 0.171321
4 0.540835 0.761407 0.029305 0.023126 0.156592
2 0.849352 0.856255 0.191152 0.114072 0.139346
2 0.876784 0.884113 0.246019 0.169061 0.132056
2 0.508865 0.902210 0.932427 0.195540 0.124191
2 0.410591 0.925054 0.702187 0.149893 0.122524
2 0.865210 0.876207 0.268840 0.244505 0.117938
2 0.853339 0.842310 0.286127 0.202742 0.087278
2 0.827339 0.834027 0.189116 0.137600 0.062979
2 0.843221 0.852668 0.158162 0.093013 0.054792
