3 0.872401 0.647405 0.088185 0.025365 0.714956
3 0.675210 0.629425 0.082246 0.090140 0.574742
4 0.590110 0.977616 0.111292 0.044768 0.427178
0 0.858455 0.723001 0.097103 0.088961 0.375897
2 0.438647 0.719248 0.461925 0.158736 0.347174
4 0.404654 0.965666 0.243112 0.056448 0.197555
2 0.492805 0.963613 0.947121 0.072239 0.178290
2 0.608424 0.967205 0.720792 0.065589 0.131900
1 0.942115 0.764954 0.115700 0.046320 0.127226
3 0.131059 0.833680 0.262119 0.319321 0.093878
1 0.288005 0.957948 0.557619 0.070402 0.087491
3 0.137903 0.780398 0.275807 0.219361 0.074261
4 0.790009 0.987740 0.119254 0.024520 0.070880
0 0.592176 0.706495 0.050347 0.101166 0.068079
3 0.075031 0.874592 0.150048 0.246340 0.066520
0 0.589283 0.704376 0.070265 0.104031 0.060322
3 0.101576 0.856875 0.203152 0.286047 0.058289
3 0.173548 0.800330 0.345582 0.343575 0.056375
4 0.788642 0.984018 0.138270 0.031052 0.053570
