4 0.172415 0.852793 0.344831 0.289019 0.629347
4 0.748482 0.810987 0.480211 0.232914 0.491574
4 0.430472 0.736736 0.115517 0.055970 0.361418
4 0.682628 0.785064 0.604775 0.264152 0.289789
4 0.729676 0.831592 0.427305 0.181813 0.144508
4 0.543780 0.714743 0.350567 0.124553 0.123466
4 0.747616 0.701547 0.115074 0.058792 0.111964
4 0.590221 0.675949 0.219288 0.056216 0.110663
4 0.592287 0.696357 0.213518 0.088063 0.104885
4 0.255890 0.784994 0.188035 0.123682 0.086458
4 0.817847 0.799857 0.269508 0.219838 0.064708
4 0.531709 0.678030 0.093611 0.045337 0.064326
4 0.734253 0.699549 0.082440 0.041605 0.060941
4 0.557433 0.677887 0.146461 0.050713 0.059214
