0 0.716366 0.869862 0.160480 0.217164 0.793451
0 0.915344 0.831436 0.169312 0.195810 0.462891
0 0.744616 0.657542 0.143811 0.134158 0.328695
1 0.258709 0.760037 0.468338 0.069941 0.306388
1 0.742341 0.770382 0.160917 0.034000 0.256724
0 0.500311 0.692840 0.046422 0.123420 0.227125
0 0.074900 0.823184 0.149788 0.125224 0.210406
0 0.733307 0.645315 0.123364 0.114613 0.202263
1 0.666974 0.761591 0.321115 0.051199 0.180968
0 0.074767 0.854303 0.149533 0.189324 0.165368
0 0.471029 0.509815 0.018214 0.036576 0.140171
1 0.529026 0.759574 0.619732 0.057554 0.085025
0 0.726608 0.634080 0.111699 0.088983 0.078645
1 0.424529 0.760568 0.822412 0.068428 0.076818
