0 0.370492 0.807786 0.047675 0.094179 0.663475
1 0.387000 0.857166 0.531208 0.124781 0.627297
0 0.251972 0.706863 0.044090 0.146169 0.578658
1 0.115258 0.760820 0.230200 0.055600 0.521039
0 0.526023 0.926259 0.105501 0.147482 0.516079
1 0.297918 0.880207 0.348208 0.078845 0.243721
0 0.393476 0.697671 0.073631 0.130952 0.146592
0 0.254769 0.692488 0.052587 0.176083 0.142918
1 0.582731 0.824979 0.194191 0.061289 0.137767
1 0.343034 0.873737 0.446462 0.093694 0.134879
1 0.114966 0.778677 0.229932 0.095658 0.106170
0 0.399184 0.711410 0.065852 0.107339 0.092708
1 0.134662 0.634252 0.269324 0.029293 0.090219
0 0.553585 0.925554 0.162030 0.148892 0.077184
