3 0.470971 0.709773 0.126568 0.041314 0.764897
2 0.187384 0.829326 0.374768 0.341347 0.700077
3 0.558704 0.684639 0.043837 0.021056 0.628511
2 0.128190 0.841165 0.254491 0.317669 0.245722
4 0.043563 0.932232 0.087126 0.119243 0.233583
0 0.322719 0.917286 0.086261 0.165428 0.183935
0 0.752424 0.970442 0.121421 0.057978 0.182815
0 0.777646 0.970240 0.171448 0.059288 0.113797
4 0.041023 0.904852 0.082013 0.062573 0.113769
1 0.508098 0.935100 0.282077 0.063552 0.095922
0 0.828804 0.971318 0.275936 0.057363 0.055210
2 0.356053 0.606668 0.082967 0.073763 0.051233
