2 0.280313 0.826229 0.560626 0.345466 0.360823
2 0.167755 0.883442 0.335510 0.233116 0.295979
2 0.914234 0.778114 0.169518 0.085849 0.279398
4 0.146165 0.739813 0.113285 0.095011 0.253191
1 0.672905 0.897699 0.358316 0.066756 0.151398
2 0.656549 0.900402 0.398128 0.081429 0.127808
2 0.495439 0.738172 0.990165 0.168794 0.099349
1 0.749671 0.923985 0.232117 0.038910 0.096045
1 0.710963 0.891800 0.276765 0.037181 0.087913
2 0.184902 0.832262 0.369805 0.333101 0.071013
2 0.303642 0.725200 0.575006 0.167401 0.068111
1 0.751586 0.893875 0.201419 0.034618 0.059128
2 0.920723 0.810493 0.158554 0.145030 0.053240
