0 0.389641 0.873256 0.075368 0.245936 0.384883
0 0.411456 0.804111 0.025736 0.086941 0.349587
0 0.046761 0.813650 0.093522 0.149121 0.307779
0 0.439352 0.657089 0.038588 0.107487 0.273825
0 0.045422 0.787423 0.090843 0.088200 0.263316
0 0.045586 0.843660 0.091172 0.210383 0.165881
0 0.402434 0.637455 0.019519 0.061500 0.152428
0 0.401861 0.652671 0.023333 0.098190 0.151361
0 0.402881 0.626907 0.016241 0.037817 0.133124
0 0.445926 0.689360 0.024037 0.045199 0.116723
0 0.377260 0.940225 0.050061 0.113476 0.102729
0 0.428947 0.624248 0.016937 0.035267 0.083982
0 0.447487 0.692838 0.029431 0.054629 0.075717
0 0.411817 0.792185 0.032711 0.117881 0.069490
0 0.445112 0.671420 0.035523 0.093391 0.058989
0 0.378283 0.907758 0.053938 0.177583 0.058827
0 0.393267 0.583573 0.013754 0.030226 0.056609
