2 0.484886 0.724611 0.563350 0.226644 0.427799
4 0.546657 0.585357 0.045788 0.034611 0.371170
4 0.545341 0.583480 0.051753 0.044246 0.256154
0 0.698406 0.707021 0.097384 0.204641 0.129496
2 0.415451 0.737621 0.740722 0.241240 0.098129
3 0.365759 0.645156 0.130393 0.098162 0.092281
0 0.684102 0.691667 0.127506 0.231963 0.085489
0 0.368658 0.640686 0.139125 0.095109 0.073298
4 0.368159 0.640400 0.123778 0.086664 0.070736
2 0.137601 0.719262 0.274270 0.215890 0.056073
0 0.686909 0.680259 0.066338 0.134821 0.050354
