2 0.437192 0.814282 0.150658 0.365994 0.822346
0 0.303644 0.961941 0.054073 0.070012 0.673374
0 0.422572 0.596363 0.029343 0.092821 0.388132
0 0.201810 0.669218 0.135707 0.119639 0.384153
0 0.496148 0.765505 0.053485 0.155866 0.285788
0 0.254256 0.623051 0.051197 0.054827 0.245893
0 0.424648 0.601589 0.022812 0.082972 0.245012
2 0.026399 0.825742 0.050732 0.077733 0.214793
2 0.039300 0.819957 0.075201 0.085091 0.178117
0 0.024707 0.889756 0.049297 0.199353 0.175048
0 0.486517 0.741568 0.072501 0.204823 0.174921
0 0.172031 0.693531 0.076161 0.071093 0.167522
0 0.044071 0.819423 0.084558 0.094325 0.121166
0 0.024329 0.828647 0.047627 0.074779 0.120471
0 0.032995 0.878838 0.065989 0.204662 0.088032
0 0.190100 0.688151 0.113782 0.086372 0.081140
0 0.023809 0.855002 0.047537 0.131103 0.080471
0 0.341452 0.598204 0.017395 0.034614 0.080078
0 0.044373 0.865225 0.088746 0.184437 0.076332
0 0.395682 0.650977 0.018380 0.062975 0.069126
0 0.247083 0.628637 0.054961 0.052764 0.053144
