3 0.753749 0.917342 0.099225 0.135775 0.640721
3 0.531421 0.831706 0.583743 0.069062 0.494325
3 0.522050 0.846382 0.575782 0.111070 0.413520
3 0.471518 0.836922 0.463116 0.071454 0.384478
3 0.642079 0.763184 0.108481 0.149653 0.338955
3 0.567790 0.829611 0.282121 0.044825 0.273752
3 0.699322 0.846702 0.199972 0.272459 0.273736
3 0.631757 0.750246 0.094456 0.132388 0.191651
3 0.579379 0.830118 0.512380 0.054111 0.130370
3 0.715096 0.873304 0.171543 0.218367 0.128572
3 0.666808 0.798886 0.089940 0.118854 0.098952
3 0.543439 0.888361 0.628228 0.186309 0.082385
3 0.654604 0.781702 0.101407 0.135569 0.069343
3 0.664694 0.791867 0.149984 0.201071 0.063937
3 0.652136 0.852996 0.309667 0.161504 0.062415
