3 0.231775 0.788441 0.459555 0.423119 0.871835
3 0.873467 0.840218 0.251815 0.315767 0.805101
0 0.342812 0.954102 0.041889 0.091797 0.356091
1 0.881612 0.808593 0.236776 0.038893 0.262173
1 0.943226 0.813599 0.113162 0.035708 0.242737
1 0.906113 0.810971 0.186245 0.034937 0.114641
0 0.613527 0.705943 0.058051 0.162840 0.106521
0 0.331899 0.953579 0.071969 0.092841 0.082473
1 0.184001 0.772779 0.151805 0.029579 0.074857
1 0.856566 0.804595 0.285780 0.041059 0.066784
0 0.354222 0.954382 0.075872 0.091236 0.066089
1 0.848062 0.805279 0.218358 0.033058 0.056456
