0 0.509817 0.655127 0.053517 0.081263 0.236384
0 0.463160 0.761450 0.095912 0.200146 0.193936
0 0.501628 0.669849 0.065597 0.100350 0.183523
0 0.481377 0.714679 0.070281 0.116710 0.109174
0 0.458012 0.761993 0.057700 0.145586 0.107779
0 0.850392 0.733710 0.124500 0.070784 0.097216
0 0.450790 0.780133 0.064289 0.155282 0.083616
0 0.442047 0.794802 0.070710 0.157580 0.066216
4 0.494781 0.677115 0.037935 0.034219 0.060733
0 0.449456 0.778438 0.082296 0.199038 0.059189
4 0.499980 0.675444 0.033735 0.033042 0.051188
