0 0.719775 0.929173 0.080321 0.101281 0.459176
0 0.451087 0.832480 0.063276 0.133483 0.361093
1 0.079254 0.765149 0.145806 0.028526 0.242912
1 0.607708 0.750962 0.151329 0.036305 0.145816
0 0.446129 0.834298 0.087725 0.146882 0.136156
3 0.081159 0.758622 0.161972 0.223409 0.105591
3 0.079300 0.812086 0.158600 0.324314 0.098812
0 0.497667 0.841269 0.199454 0.159005 0.087495
0 0.469082 0.838474 0.127247 0.153261 0.072264
2 0.498558 0.840078 0.217856 0.161669 0.052418
2 0.580562 0.868593 0.398845 0.204345 0.052417
