2 0.500198 0.522014 0.995655 0.955972 0.698497
2 0.570787 0.243695 0.849118 0.384612 0.551496
2 0.499833 0.764485 0.999665 0.460326 0.226274
2 0.183392 0.030896 0.363491 0.061793 0.202579
2 0.500000 0.668124 1.000000 0.663751 0.132115
4 0.805092 0.306420 0.115093 0.077341 0.111449
3 0.041884 0.563330 0.083768 0.861700 0.075042
1 0.698906 0.915829 0.597096 0.087371 0.067194
2 0.268578 0.028175 0.203026 0.056053 0.058592
2 0.277304 0.023921 0.163445 0.047817 0.055803
2 0.305231 0.273265 0.297241 0.307367 0.051619
