0 0.660178 0.705118 0.114498 0.137993 0.739229
0 0.494584 0.771496 0.065880 0.244009 0.724717
2 0.428500 0.766130 0.201985 0.236537 0.448729
0 0.494730 0.774708 0.043558 0.235370 0.433814
2 0.771308 0.851261 0.182723 0.155330 0.183634
2 0.745173 0.834996 0.132709 0.118964 0.113172
4 0.654543 0.645942 0.053617 0.024917 0.092145
0 0.772192 0.853748 0.189762 0.160548 0.092020
2 0.724007 0.845230 0.290151 0.155407 0.090538
4 0.624938 0.658648 0.044313 0.033105 0.069171
2 0.393834 0.831106 0.132999 0.112381 0.064377
