3 0.190559 0.910363 0.379842 0.179274 0.373266
0 0.351038 0.977270 0.053545 0.045367 0.147848
0 0.337411 0.973808 0.074512 0.052383 0.120130
0 0.361017 0.976716 0.074813 0.046567 0.118524
0 0.711701 0.987241 0.091151 0.025518 0.112448
0 0.376766 0.975550 0.109777 0.048900 0.093890
0 0.698686 0.986780 0.066627 0.026441 0.087598
0 0.335757 0.967216 0.093780 0.065552 0.083436
0 0.355235 0.969625 0.109439 0.060751 0.063314
0 0.733462 0.985376 0.136900 0.028941 0.058429
0 0.685693 0.987186 0.047822 0.025628 0.057009
0 0.321380 0.969166 0.137705 0.061669 0.055874
