0 0.692286 0.824538 0.388502 0.348684 0.807428
0 0.412729 0.677426 0.068683 0.144115 0.658569
0 0.225664 0.827231 0.069122 0.156603 0.476709
0 0.315917 0.645523 0.046942 0.163224 0.455028
0 0.263741 0.735749 0.140818 0.332479 0.282756
0 0.237523 0.817271 0.090121 0.171493 0.186758
1 0.026458 0.800254 0.052676 0.026340 0.092343
2 0.062679 0.725266 0.125357 0.144304 0.078722
0 0.903759 0.765283 0.192481 0.131397 0.060909
0 0.250237 0.807333 0.116476 0.190540 0.060771
0 0.319434 0.652970 0.035685 0.144437 0.058814
2 0.052930 0.753654 0.105861 0.191405 0.052911
0 0.321679 0.670804 0.030647 0.108458 0.051912
