2 0.320540 0.807760 0.638005 0.383707 0.587028
3 0.781155 0.906538 0.153729 0.186892 0.533506
3 0.621932 0.587596 0.067346 0.096277 0.384843
3 0.818003 0.905637 0.229773 0.188725 0.261642
1 0.916978 0.986125 0.166044 0.027750 0.246283
3 0.172135 0.646754 0.344269 0.201769 0.126190
3 0.623836 0.589788 0.087384 0.112562 0.104646
1 0.862141 0.692110 0.275718 0.042422 0.097598
1 0.524314 0.721126 0.213324 0.040561 0.082445
3 0.170605 0.698975 0.341204 0.294608 0.081043
0 0.587409 0.877309 0.076691 0.073051 0.076318
