0 0.149098 0.790685 0.218878 0.300326 0.883850
0 0.381339 0.826806 0.037115 0.346388 0.592642
0 0.318860 0.766198 0.106574 0.282715 0.444284
0 0.164432 0.878760 0.197343 0.229873 0.418609
0 0.203865 0.855737 0.120757 0.178327 0.383379
0 0.326606 0.653093 0.053329 0.188058 0.284537
0 0.327578 0.620991 0.050474 0.122009 0.275689
0 0.345540 0.766420 0.018338 0.075951 0.231646
0 0.292282 0.581086 0.012429 0.030491 0.223201
0 0.382578 0.613758 0.019409 0.115185 0.169800
0 0.323892 0.676370 0.049952 0.141246 0.159353
0 0.312441 0.727034 0.091699 0.356188 0.156847
0 0.381364 0.773414 0.028662 0.428893 0.132735
0 0.186078 0.643534 0.034812 0.033550 0.106057
0 0.319870 0.812334 0.102673 0.186137 0.104236
0 0.381215 0.599110 0.025547 0.100863 0.104028
0 0.319269 0.704455 0.036417 0.083292 0.098172
0 0.312543 0.618611 0.020606 0.046620 0.090496
0 0.329150 0.604755 0.041399 0.121144 0.089601
0 0.241012 0.806336 0.041084 0.098972 0.085783
0 0.319835 0.643297 0.037804 0.071724 0.083826
0 0.312429 0.597531 0.022082 0.059681 0.078798
0 0.324189 0.794041 0.118072 0.376788 0.075042
0 0.313513 0.654812 0.025496 0.044476 0.073434
0 0.317205 0.588287 0.022063 0.062342 0.072993
0 0.224799 0.816040 0.074812 0.111685 0.072237
0 0.373956 0.794558 0.053164 0.410594 0.066460
0 0.313052 0.709572 0.024039 0.073823 0.065976
0 0.151094 0.917583 0.174074 0.155130 0.065538
0 0.333635 0.535082 0.015781 0.037469 0.063290
0 0.247250 0.765530 0.019800 0.033455 0.061944
0 0.215426 0.847736 0.092978 0.160182 0.051510
0 0.293059 0.575360 0.014904 0.051237 0.050046
