2 0.185716 0.614028 0.360665 0.135814 0.565548
2 0.265568 0.878487 0.517816 0.242763 0.546455
2 0.882763 0.891776 0.234474 0.164313 0.395441
2 0.500723 0.821311 0.995742 0.350629 0.375255
3 0.503557 0.644371 0.446084 0.057214 0.339312
2 0.844961 0.814529 0.309771 0.321317 0.314405
2 0.270816 0.820641 0.538880 0.358717 0.215448
3 0.369132 0.668033 0.732927 0.243246 0.132481
3 0.384488 0.750794 0.768975 0.403235 0.104214
3 0.369916 0.648200 0.739831 0.155463 0.100915
3 0.272336 0.677277 0.544024 0.248588 0.091709
2 0.754336 0.712527 0.238861 0.117966 0.084962
3 0.479370 0.653484 0.506232 0.078065 0.081849
3 0.269419 0.778790 0.537416 0.423021 0.054395
2 0.334236 0.666602 0.668082 0.238577 0.052531
3 0.468497 0.582771 0.531102 0.207053 0.051460
