2 0.373730 0.792511 0.717456 0.402863 0.705805
4 0.552526 0.758919 0.124133 0.063770 0.616898
4 0.737203 0.944090 0.138841 0.075605 0.501756
1 0.075063 0.786990 0.132443 0.031696 0.446636
4 0.357428 0.676113 0.121978 0.069914 0.369475
4 0.749089 0.934009 0.101034 0.053027 0.314165
4 0.525330 0.695965 0.042078 0.037596 0.244480
2 0.606003 0.723570 0.249218 0.304759 0.202965
4 0.522722 0.687542 0.047357 0.055709 0.199063
4 0.561270 0.761707 0.100242 0.051744 0.125353
4 0.220194 0.833428 0.178560 0.074942 0.101841
