0 0.458581 0.751737 0.035484 0.121909 0.788523
0 0.233769 0.753778 0.092188 0.148074 0.649924
0 0.524571 0.871821 0.071606 0.176580 0.639718
0 0.365342 0.627964 0.026952 0.042205 0.449275
0 0.430304 0.649525 0.015463 0.040869 0.413357
0 0.440018 0.983958 0.018486 0.031059 0.332032
0 0.415469 0.696691 0.028096 0.030280 0.305485
0 0.095120 0.808595 0.190239 0.206784 0.303600
0 0.303465 0.647479 0.024189 0.044244 0.176355
0 0.405282 0.581399 0.015798 0.028063 0.153979
1 0.299972 0.681064 0.287342 0.026882 0.141208
0 0.427109 0.624623 0.016678 0.066724 0.129636
0 0.429022 0.632648 0.017786 0.077265 0.128638
1 0.218445 0.685470 0.126368 0.019415 0.113536
1 0.357589 0.683422 0.136985 0.025132 0.107616
0 0.346885 0.582205 0.013387 0.021657 0.107434
0 0.406375 0.587573 0.017329 0.031659 0.098298
0 0.311865 0.638587 0.044341 0.066458 0.098041
0 0.299474 0.649888 0.026462 0.053307 0.085823
0 0.321250 0.627603 0.047355 0.072017 0.081695
0 0.369193 0.625110 0.030791 0.037825 0.079471
0 0.353428 0.580003 0.021741 0.021947 0.078515
0 0.529863 0.890445 0.062506 0.135983 0.064341
0 0.438924 0.978835 0.022430 0.033765 0.061315
2 0.411346 0.582271 0.026077 0.034481 0.061134
1 0.394525 0.639718 0.127907 0.027145 0.051450
