1 0.918612 0.965107 0.162505 0.042437 0.410804
0 0.601323 0.906628 0.147196 0.185100 0.390540
1 0.768809 0.894320 0.258203 0.047765 0.185712
0 0.633011 0.907100 0.204664 0.185801 0.146185
1 0.789490 0.897003 0.237459 0.038502 0.121895
1 0.918383 0.961678 0.163235 0.063373 0.114733
3 0.335320 0.776957 0.033710 0.014705 0.101872
2 0.718044 0.906244 0.543728 0.187513 0.072745
0 0.500680 0.909572 0.131672 0.176473 0.072733
2 0.574367 0.905088 0.285102 0.188925 0.051431
0 0.451332 0.848179 0.040075 0.050742 0.050072
