0 0.792565 0.728349 0.414143 0.248455 0.805195
2 0.422124 0.873773 0.299303 0.152040 0.543670
0 0.418863 0.693351 0.043202 0.211524 0.526572
1 0.749977 0.892643 0.152942 0.061567 0.381333
1 0.617766 0.699174 0.272782 0.032213 0.357303
0 0.953958 0.932755 0.092084 0.083218 0.197184
1 0.342497 0.904358 0.135081 0.059195 0.153461
1 0.396866 0.646220 0.353167 0.037427 0.109629
1 0.402566 0.652170 0.377125 0.039221 0.078079
2 0.433812 0.895352 0.386248 0.209288 0.051937
1 0.662403 0.700972 0.370858 0.038108 0.051275
