0 0.253919 0.758374 0.052972 0.122323 0.839422
0 0.363569 0.865746 0.039492 0.145012 0.815100
0 0.468178 0.955974 0.053552 0.083828 0.691567
0 0.395226 0.736007 0.023913 0.175333 0.634325
0 0.403855 0.598382 0.048530 0.082698 0.610542
0 0.398090 0.590536 0.060458 0.094325 0.192369
0 0.341386 0.579133 0.013765 0.028562 0.129888
0 0.401954 0.734809 0.034802 0.176052 0.125509
0 0.389141 0.584960 0.077417 0.090496 0.105226
0 0.368685 0.560597 0.027904 0.043364 0.079291
0 0.364310 0.568751 0.033737 0.035636 0.077626
0 0.349017 0.563638 0.027988 0.057873 0.072179
0 0.356954 0.557331 0.037762 0.053726 0.067132
0 0.357801 0.565959 0.045099 0.047713 0.065285
0 0.378013 0.559691 0.017502 0.036879 0.058017
