3 0.348039 0.706890 0.037630 0.016701 0.686010
3 0.570613 0.907610 0.134680 0.184779 0.656769
3 0.885712 0.722382 0.079842 0.023926 0.588251
3 0.339795 0.666480 0.041784 0.015092 0.496035
3 0.592232 0.680953 0.035933 0.012382 0.489228
3 0.014204 0.692757 0.027881 0.027050 0.225964
3 0.050896 0.840756 0.101793 0.301119 0.174558
3 0.605412 0.907227 0.204136 0.185231 0.154742
3 0.052168 0.786718 0.104336 0.199895 0.102515
3 0.052924 0.753237 0.105849 0.135562 0.095576
3 0.348891 0.709407 0.043106 0.016766 0.059363
3 0.340089 0.665168 0.044342 0.020675 0.058916
