0 0.339875 0.784763 0.134639 0.171095 0.880636
0 0.194483 0.843432 0.082832 0.104996 0.748869
1 0.832839 0.865099 0.191320 0.070357 0.587930
0 0.672594 0.785494 0.274443 0.380354 0.274391
0 0.585505 0.664661 0.102356 0.150120 0.258585
0 0.703415 0.881173 0.406319 0.229195 0.258532
1 0.685417 0.836132 0.420669 0.131350 0.217404
0 0.628314 0.716991 0.184685 0.246602 0.205568
1 0.223118 0.863634 0.107429 0.024670 0.155268
0 0.690222 0.826551 0.348553 0.336019 0.150014
0 0.730696 0.859432 0.200910 0.273514 0.115832
1 0.702125 0.875699 0.422492 0.217104 0.106966
1 0.703882 0.856686 0.447792 0.148868 0.093253
0 0.705916 0.852184 0.201669 0.203566 0.069371
1 0.219385 0.869852 0.110922 0.036656 0.051993
