0 0.620024 0.717390 0.139877 0.178363 0.716999
0 0.358229 0.797016 0.110339 0.405967 0.699404
0 0.124267 0.670242 0.168401 0.092048 0.442232
0 0.648540 0.754042 0.085681 0.108322 0.284145
0 0.076972 0.787841 0.153943 0.175323 0.183205
0 0.135248 0.659141 0.192738 0.116396 0.175597
0 0.069579 0.825331 0.138659 0.226343 0.113404
0 0.091126 0.762610 0.182253 0.170382 0.074584
1 0.081511 0.956736 0.149515 0.047067 0.063695
0 0.102346 0.751661 0.204114 0.271441 0.059384
1 0.091618 0.956004 0.125811 0.036771 0.055414
