1 0.899357 0.526497 0.200109 0.055396 0.341056
1 0.425811 0.330544 0.184559 0.037846 0.286376
3 0.649631 0.484261 0.323699 0.557300 0.173104
2 0.666898 0.617609 0.391752 0.293804 0.136439
3 0.661146 0.618568 0.390754 0.287982 0.111301
1 0.257810 0.600900 0.351854 0.073855 0.089966
2 0.707961 0.617978 0.543971 0.310088 0.069753
3 0.716159 0.493721 0.488747 0.562634 0.068437
1 0.894226 0.524818 0.211547 0.080956 0.060705
3 0.897881 0.277115 0.204005 0.546027 0.060303
3 0.060216 0.478381 0.120270 0.204565 0.060119
1 0.856906 0.528476 0.286188 0.082210 0.058564
