0 0.188857 0.766211 0.180670 0.349148 0.732051
0 0.539408 0.781248 0.240547 0.357714 0.695871
0 0.890268 0.792853 0.216564 0.129573 0.533831
0 0.938609 0.908719 0.122783 0.112894 0.435012
0 0.359515 0.638690 0.044469 0.134347 0.376930
0 0.935939 0.894756 0.128122 0.081273 0.190157
0 0.387471 0.823624 0.025906 0.055491 0.182793
0 0.168210 0.853077 0.144563 0.178756 0.182022
0 0.247410 0.677084 0.059438 0.163498 0.135669
0 0.392592 0.858184 0.046335 0.125996 0.118923
0 0.386021 0.861687 0.037941 0.132127 0.099493
0 0.386550 0.833320 0.027935 0.073459 0.089219
0 0.386130 0.852045 0.029607 0.112824 0.079813
1 0.291576 0.684390 0.078268 0.021635 0.077330
0 0.486765 0.715969 0.140313 0.240618 0.070701
0 0.780669 0.742268 0.432262 0.221976 0.053676
0 0.366061 0.637839 0.063829 0.132817 0.052191
