0 0.409392 0.838345 0.033876 0.313336 0.527414
0 0.411642 0.877862 0.027840 0.234250 0.515334
0 0.465499 0.826091 0.010989 0.032545 0.420322
0 0.439035 0.683225 0.034094 0.108397 0.247425
0 0.441432 0.701676 0.029332 0.070533 0.215910
0 0.445138 0.709636 0.024214 0.060839 0.167880
0 0.423192 0.608065 0.017109 0.055398 0.161836
0 0.424342 0.628048 0.018166 0.094976 0.153316
0 0.424736 0.615225 0.020162 0.068633 0.149129
0 0.433881 0.663434 0.033798 0.147584 0.144481
0 0.426240 0.639510 0.017378 0.087992 0.141578
0 0.427844 0.655462 0.016230 0.058402 0.141427
0 0.415473 0.707734 0.014427 0.049368 0.138555
0 0.290195 0.583477 0.020401 0.019775 0.090900
0 0.465191 0.828121 0.013398 0.040067 0.078825
0 0.462876 0.825406 0.015315 0.033827 0.062082
0 0.287014 0.584436 0.025429 0.022514 0.060045
0 0.408810 0.726332 0.026679 0.086832 0.058837
0 0.405222 0.733054 0.032015 0.097909 0.056862
0 0.417863 0.708443 0.016560 0.054178 0.053426
0 0.420442 0.597091 0.018400 0.060710 0.052151
