1 0.348531 0.800582 0.220590 0.044784 0.392009
1 0.290698 0.790607 0.345911 0.073229 0.225453
1 0.322606 0.797247 0.281822 0.056069 0.217679
0 0.039481 0.951522 0.068300 0.087659 0.208519
0 0.125401 0.844300 0.048717 0.062499 0.124495
0 0.146295 0.816424 0.088062 0.115581 0.112440
0 0.180225 0.775164 0.022874 0.029014 0.108265
0 0.353639 0.624869 0.016754 0.025570 0.101402
0 0.075439 0.902364 0.140116 0.184140 0.092489
0 0.135246 0.829622 0.067429 0.089290 0.080477
0 0.036139 0.836801 0.071462 0.124246 0.067482
0 0.377764 0.647686 0.011969 0.123615 0.064015
0 0.034472 0.861740 0.068313 0.161422 0.059775
0 0.176904 0.778879 0.030155 0.040930 0.056949
0 0.016195 0.879221 0.032389 0.129312 0.051950
