2 0.622148 0.829381 0.252530 0.200460 0.498307
3 0.820037 0.732696 0.088030 0.062646 0.395076
0 0.528409 0.839458 0.045719 0.192113 0.325665
2 0.594243 0.810233 0.325908 0.247898 0.272224
2 0.586149 0.812527 0.182614 0.236715 0.214686
0 0.697640 0.848116 0.090130 0.148681 0.172516
2 0.696435 0.848337 0.089740 0.147731 0.165770
0 0.442359 0.848226 0.067479 0.172933 0.141585
0 0.449383 0.835445 0.087097 0.193436 0.109370
2 0.860470 0.838669 0.228786 0.185969 0.085708
0 0.623326 0.851603 0.048376 0.149836 0.072335
3 0.813921 0.727360 0.102557 0.077211 0.065342
