1 0.463298 0.791463 0.149042 0.031246 0.409836
1 0.345720 0.628541 0.130207 0.024092 0.381382
1 0.892785 0.659900 0.214430 0.039154 0.255846
3 0.849848 0.701802 0.140450 0.144746 0.229821
3 0.886580 0.704062 0.216200 0.148012 0.162982
1 0.305741 0.713302 0.230153 0.037325 0.134835
1 0.348530 0.714922 0.311302 0.042433 0.120923
0 0.968006 0.823907 0.053146 0.038299 0.103365
1 0.325359 0.628473 0.088132 0.018637 0.086372
0 0.531093 0.861585 0.058620 0.276016 0.077405
1 0.926386 0.951885 0.146113 0.039013 0.067600
1 0.765980 0.740474 0.467697 0.060119 0.058843
3 0.889060 0.766861 0.221881 0.270619 0.051723
