3 0.834105 0.659692 0.181997 0.167345 0.824324
0 0.460610 0.614430 0.055754 0.110679 0.324938
3 0.218555 0.576858 0.416439 0.233867 0.300204
0 0.926844 0.650352 0.128186 0.094286 0.224498
0 0.462901 0.612261 0.077008 0.121231 0.142379
0 0.903159 0.641971 0.185516 0.116957 0.114609
1 0.566061 0.612933 0.409415 0.063546 0.100444
0 0.919442 0.669046 0.159735 0.143529 0.095404
0 0.935637 0.680043 0.128726 0.148032 0.088235
0 0.939363 0.656691 0.102901 0.076775 0.079838
3 0.648490 0.485996 0.055636 0.051332 0.062279
1 0.615295 0.608820 0.316447 0.052359 0.058565
