2 0.474539 0.840006 0.148840 0.258101 0.779549
2 0.136776 0.933425 0.117500 0.126342 0.651122
0 0.427219 0.701604 0.018002 0.077157 0.350952
1 0.297222 0.955430 0.243851 0.043761 0.314854
1 0.340451 0.963592 0.327673 0.056528 0.308256
1 0.299653 0.953252 0.244299 0.030420 0.303789
1 0.044306 0.932931 0.088541 0.022808 0.268662
2 0.134587 0.948463 0.107444 0.097321 0.208715
1 0.044996 0.928251 0.089992 0.027153 0.154811
1 0.272886 0.964785 0.402539 0.055119 0.088317
0 0.177431 0.891815 0.033549 0.073363 0.084873
1 0.090437 0.925772 0.180875 0.042533 0.062011
