1 0.349637 0.345139 0.157523 0.040422 0.572065
1 0.386515 0.272752 0.299945 0.072269 0.477346
0 0.522065 0.492581 0.105455 0.497925 0.388656
2 0.518564 0.472436 0.962873 0.678679 0.302074
0 0.863280 0.281817 0.273440 0.303665 0.180097
2 0.863663 0.285426 0.272674 0.298652 0.155851
2 0.865390 0.467717 0.268673 0.663366 0.129787
1 0.790289 0.467358 0.409309 0.058630 0.093381
1 0.955073 0.595779 0.089606 0.041151 0.085357
1 0.638424 0.503538 0.202025 0.055385 0.079264
1 0.769836 0.486853 0.446942 0.094146 0.072471
