2 0.731015 0.478727 0.376771 0.590832 0.451111
3 0.650701 0.116308 0.086158 0.113502 0.356287
0 0.145153 0.441126 0.071231 0.086986 0.214205
0 0.114012 0.460212 0.144953 0.134152 0.197113
1 0.881940 0.171957 0.236120 0.043480 0.191480
0 0.801447 0.391067 0.253894 0.447867 0.155740
0 0.820143 0.633737 0.142706 0.326928 0.115922
0 0.816142 0.605178 0.177006 0.380431 0.088725
1 0.731021 0.348081 0.085840 0.024765 0.088043
0 0.097733 0.475516 0.181582 0.162983 0.076844
0 0.866789 0.506050 0.139711 0.224701 0.067160
3 0.225359 0.207746 0.450550 0.414064 0.060055
2 0.746846 0.612220 0.365143 0.352632 0.058621
0 0.772973 0.543930 0.077631 0.176295 0.054151
0 0.135035 0.441189 0.109816 0.108481 0.052373
1 0.037728 0.491133 0.075456 0.048678 0.051458
