4 0.116606 0.840149 0.200482 0.134382 0.500815
2 0.525880 0.741508 0.698217 0.226076 0.294158
2 0.758731 0.752059 0.252044 0.147237 0.276722
2 0.459789 0.740718 0.303837 0.219477 0.273038
2 0.317305 0.806801 0.634610 0.347420 0.230899
4 0.142468 0.947060 0.132567 0.105881 0.229633
0 0.827836 0.754754 0.118830 0.134416 0.183894
2 0.496283 0.741671 0.224228 0.207805 0.136587
4 0.464296 0.654021 0.056946 0.031242 0.135330
2 0.622206 0.739940 0.509690 0.200326 0.132511
2 0.407979 0.748704 0.755432 0.240369 0.112829
4 0.455405 0.652274 0.081610 0.038303 0.110587
2 0.725355 0.739582 0.192239 0.169834 0.110312
0 0.565727 0.732272 0.067305 0.181277 0.086155
0 0.842314 0.760062 0.079077 0.124728 0.074644
4 0.112265 0.862779 0.216740 0.185418 0.066192
2 0.238469 0.828710 0.476937 0.335796 0.062311
2 0.179403 0.847699 0.358706 0.301035 0.050440
