1 0.498713 0.477673 0.996668 0.117125 0.627748
1 0.495337 0.462045 0.990675 0.080314 0.440603
1 0.963617 0.346445 0.072766 0.045340 0.126251
1 0.967116 0.351462 0.065651 0.034680 0.105636
0 0.990976 0.075717 0.017814 0.147148 0.102675
0 0.988208 0.180973 0.023490 0.358637 0.089076
0 0.992094 0.121535 0.015403 0.241758 0.076950
1 0.976039 0.346197 0.047922 0.040060 0.072679
1 0.964944 0.336740 0.070091 0.062694 0.064209
1 0.397006 0.485695 0.791550 0.138132 0.060831
0 0.988311 0.083030 0.023379 0.166059 0.059050
1 0.680585 0.459754 0.594062 0.072746 0.053023
