3 0.695891 0.892260 0.077675 0.129465 0.582533
3 0.125389 0.949677 0.243613 0.100645 0.252736
3 0.112092 0.961047 0.214885 0.077906 0.229817
3 0.327836 0.843083 0.143727 0.085991 0.176759
3 0.164273 0.946122 0.189783 0.107480 0.149539
3 0.085044 0.978925 0.170088 0.042151 0.124511
3 0.095649 0.970312 0.188420 0.059377 0.115490
3 0.354169 0.819742 0.145308 0.089785 0.113273
3 0.262638 0.887007 0.161309 0.092363 0.099428
3 0.305633 0.852695 0.163239 0.089559 0.089335
3 0.395489 0.792521 0.109309 0.071032 0.064052
3 0.381366 0.800913 0.116507 0.072743 0.063299
3 0.333598 0.836023 0.164016 0.107775 0.062893
3 0.147487 0.955817 0.191749 0.088366 0.059611
