4 0.423830 0.892392 0.056378 0.036467 0.450526
4 0.645460 0.970134 0.081640 0.037216 0.365302
4 0.506215 0.906540 0.047261 0.032400 0.332164
4 0.516026 0.906538 0.069477 0.035300 0.128773
4 0.708987 0.950019 0.060526 0.039159 0.127093
0 0.907432 0.741819 0.184643 0.161681 0.115887
3 0.631778 0.650518 0.085477 0.114640 0.097130
2 0.609742 0.945842 0.449742 0.108317 0.091219
2 0.962820 0.913454 0.074155 0.169644 0.071257
4 0.704165 0.955357 0.085884 0.051910 0.064155
0 0.962679 0.873908 0.073969 0.089924 0.062703
0 0.926838 0.713461 0.083579 0.048854 0.061068
0 0.944976 0.728059 0.109515 0.075899 0.056615
0 0.926999 0.743728 0.146002 0.131989 0.054413
4 0.688781 0.962172 0.144268 0.070409 0.053401
