0 0.090295 0.903620 0.125445 0.178121 0.651930
0 0.219011 0.783259 0.058589 0.097446 0.474289
0 0.547204 0.957219 0.034465 0.075605 0.464402
0 0.220021 0.719291 0.056942 0.061814 0.378351
2 0.303496 0.600639 0.048441 0.072436 0.266887
0 0.213592 0.727221 0.071127 0.079642 0.211510
2 0.293625 0.623378 0.070402 0.132992 0.206949
0 0.368780 0.581189 0.010728 0.018868 0.205660
0 0.444007 0.905196 0.011421 0.036101 0.185753
0 0.176999 0.800438 0.041489 0.064705 0.172662
0 0.283340 0.664429 0.047397 0.070439 0.172155
0 0.060687 0.746411 0.093640 0.089431 0.159123
2 0.306879 0.594148 0.043527 0.057618 0.141050
0 0.209331 0.738821 0.073819 0.095416 0.132951
0 0.037234 0.762343 0.047576 0.057105 0.132231
0 0.273870 0.678242 0.058169 0.085898 0.123355
0 0.201973 0.757980 0.077928 0.130252 0.118527
2 0.293528 0.604398 0.059007 0.056237 0.106466
0 0.052156 0.753239 0.073734 0.075570 0.106327
2 0.297333 0.604779 0.067341 0.100063 0.106252
0 0.275060 0.677473 0.045509 0.071910 0.102583
0 0.331270 0.551260 0.008178 0.029397 0.098391
2 0.301984 0.591148 0.031407 0.050761 0.097135
0 0.076771 0.734009 0.117568 0.108571 0.082833
0 0.268191 0.684801 0.049250 0.070544 0.080057
0 0.068676 0.737125 0.099035 0.089147 0.078791
0 0.126909 0.861503 0.195939 0.259199 0.071459
0 0.183111 0.793376 0.037391 0.073362 0.070620
0 0.112401 0.890840 0.169574 0.200625 0.070110
0 0.033121 0.768053 0.042649 0.050967 0.068528
0 0.044982 0.761743 0.071291 0.075676 0.065089
2 0.313344 0.586391 0.032401 0.046733 0.062596
0 0.194205 0.773361 0.065554 0.110877 0.060381
1 0.587463 0.969565 0.069295 0.033067 0.058289
