1 0.698625 0.845810 0.525997 0.058685 0.609114
0 0.322125 0.803838 0.138845 0.237010 0.583530
0 0.884706 0.829671 0.230587 0.276817 0.486188
1 0.640067 0.664630 0.229905 0.041803 0.343350
1 0.579705 0.932071 0.315205 0.059552 0.340990
0 0.622534 0.693815 0.087102 0.138590 0.288131
0 0.619374 0.699217 0.078896 0.102355 0.218867
1 0.712486 0.849259 0.575027 0.082088 0.162640
0 0.452796 0.759408 0.051922 0.129268 0.133402
1 0.345302 0.693551 0.078151 0.020140 0.117151
0 0.917913 0.850748 0.164174 0.243550 0.116829
0 0.630552 0.713177 0.066071 0.100899 0.083306
1 0.711693 0.886634 0.576593 0.149266 0.069557
1 0.676967 0.663563 0.151975 0.037245 0.068188
0 0.348876 0.764459 0.086853 0.148069 0.057851
