0 0.370850 0.627123 0.047825 0.131754 0.579580
0 0.498620 0.638915 0.119808 0.104702 0.501510
2 0.282866 0.746622 0.162642 0.237279 0.406977
0 0.283215 0.743964 0.148375 0.238055 0.364371
1 0.637267 0.802892 0.231504 0.079612 0.155595
1 0.430728 0.685847 0.111209 0.022959 0.119304
1 0.676964 0.799082 0.317897 0.084496 0.095309
0 0.646424 0.792818 0.395681 0.395743 0.092715
0 0.540181 0.697419 0.196619 0.212811 0.071885
2 0.269695 0.778029 0.204587 0.309149 0.065771
0 0.743716 0.897728 0.199672 0.195628 0.053428
