1 0.422624 0.763306 0.661123 0.138841 0.746414
0 0.444277 0.888044 0.137404 0.223641 0.562891
0 0.085024 0.798736 0.170049 0.314897 0.552464
1 0.341589 0.771444 0.481231 0.127554 0.375686
1 0.062444 0.703765 0.124888 0.042724 0.223694
0 0.470725 0.656703 0.067813 0.066478 0.178131
1 0.062026 0.713243 0.124053 0.061831 0.164150
0 0.071569 0.842837 0.143137 0.236198 0.136203
0 0.467839 0.905491 0.157353 0.189017 0.068568
0 0.451926 0.915825 0.105082 0.168351 0.068117
0 0.474673 0.887231 0.204407 0.225538 0.053281
0 0.108439 0.769110 0.214566 0.360701 0.053047
0 0.487710 0.665599 0.105738 0.091233 0.052776
0 0.057844 0.862093 0.115163 0.201969 0.052456
