3 0.377815 0.921838 0.360245 0.102705 0.881624
3 0.796470 0.663988 0.250537 0.101733 0.875630
3 0.169561 0.592768 0.171756 0.064854 0.796502
3 0.083440 0.683753 0.166842 0.076134 0.752512
3 0.234496 0.513588 0.143661 0.047634 0.744569
3 0.290295 0.448511 0.118713 0.034699 0.701834
3 0.389411 0.332386 0.060851 0.019081 0.360280
1 0.678696 0.518823 0.427411 0.042502 0.144799
2 0.028730 0.750648 0.057211 0.069041 0.128361
2 0.030273 0.761632 0.060546 0.093391 0.085347
3 0.388607 0.334332 0.069992 0.026443 0.062134
