0 0.855373 0.608198 0.225198 0.195547 0.617397
1 0.536127 0.664659 0.927343 0.116587 0.365850
2 0.831572 0.842766 0.323626 0.314468 0.327901
1 0.107020 0.952821 0.214040 0.083773 0.276305
1 0.352587 0.657553 0.554866 0.102002 0.207590
0 0.834659 0.817428 0.225783 0.264735 0.174298
0 0.832448 0.784843 0.191408 0.191153 0.124323
3 0.153666 0.508258 0.091146 0.031464 0.111829
1 0.800501 0.698319 0.365566 0.048951 0.106527
2 0.829993 0.776397 0.335025 0.447206 0.091941
0 0.882055 0.633169 0.180515 0.163326 0.054054
