1 0.484478 0.923727 0.284398 0.065496 0.677280
0 0.326498 0.884875 0.084190 0.229619 0.555575
1 0.094030 0.939031 0.177299 0.034204 0.441689
0 0.348594 0.844503 0.038371 0.149744 0.173311
1 0.103030 0.938848 0.139949 0.027703 0.137644
1 0.442827 0.926504 0.209208 0.059268 0.103920
0 0.239631 0.903015 0.115698 0.193969 0.101335
0 0.228508 0.919004 0.102714 0.161992 0.087178
0 0.273875 0.806161 0.043498 0.046380 0.087131
1 0.404029 0.935078 0.433017 0.104403 0.064678
0 0.305254 0.889698 0.127252 0.220160 0.062329
1 0.439267 0.930866 0.370597 0.082254 0.059982
