2 0.482091 0.848592 0.173154 0.268390 0.673056
1 0.348742 0.734764 0.142485 0.027490 0.620353
1 0.110146 0.884196 0.220293 0.050286 0.607774
1 0.201980 0.695901 0.183943 0.043528 0.565587
1 0.748427 0.740921 0.135374 0.033659 0.559932
1 0.271900 0.590842 0.117758 0.031568 0.433109
2 0.606648 0.608802 0.168205 0.161161 0.413725
1 0.492872 0.627264 0.163786 0.024886 0.379688
1 0.362191 0.671254 0.116120 0.023666 0.181683
1 0.474604 0.680099 0.119525 0.025039 0.134532
1 0.466627 0.571127 0.105834 0.021480 0.100381
1 0.501496 0.680478 0.172244 0.027642 0.099435
1 0.109702 0.878488 0.219404 0.075185 0.079592
2 0.621317 0.628693 0.143043 0.121746 0.066366
4 0.587728 0.552176 0.067150 0.034897 0.062955
4 0.581853 0.551802 0.046066 0.029007 0.058438
