4 0.095419 0.611875 0.189049 0.067614 0.574630
4 0.243578 0.702846 0.215684 0.126593 0.527799
2 0.645337 0.741287 0.640914 0.174298 0.480962
4 0.065254 0.734322 0.130412 0.107047 0.335411
4 0.541248 0.608346 0.169402 0.060475 0.169262
4 0.309795 0.571399 0.206484 0.078850 0.167358
4 0.283842 0.575076 0.161525 0.075394 0.158503
4 0.559637 0.606578 0.124729 0.056967 0.117831
4 0.715084 0.565050 0.162482 0.072253 0.114518
4 0.531861 0.717541 0.060019 0.034420 0.106351
4 0.283821 0.579945 0.145129 0.058516 0.071341
4 0.065760 0.739943 0.120566 0.069969 0.058289
4 0.671932 0.738273 0.040479 0.038975 0.056260
