3 0.911914 0.733176 0.176172 0.147397 0.634134
2 0.552223 0.768125 0.073640 0.091054 0.353983
3 0.912006 0.764326 0.175414 0.210648 0.238961
3 0.418703 0.825946 0.245091 0.348107 0.200831
3 0.911446 0.819853 0.177107 0.322668 0.163635
3 0.450116 0.879712 0.362626 0.240126 0.138541
2 0.560662 0.768450 0.094604 0.104708 0.137435
3 0.403274 0.861424 0.305279 0.276872 0.127953
2 0.306768 0.943984 0.115814 0.111986 0.108885
2 0.973232 0.896788 0.053537 0.204535 0.097363
2 0.283186 0.947918 0.151797 0.104163 0.085542
0 0.310272 0.944914 0.100860 0.109853 0.079423
2 0.466976 0.898373 0.367978 0.202997 0.078151
3 0.483142 0.724069 0.129193 0.202601 0.066391
2 0.963312 0.889205 0.073375 0.218359 0.062444
2 0.543652 0.769887 0.176148 0.103961 0.050870
