3 0.285075 0.693192 0.099850 0.041706 0.751478
2 0.194248 0.889496 0.387616 0.212806 0.702975
3 0.417327 0.647094 0.072483 0.024698 0.678776
2 0.672904 0.825842 0.328560 0.239046 0.573392
0 0.589134 0.860238 0.065984 0.214824 0.174715
3 0.560009 0.566041 0.117552 0.024625 0.171497
0 0.596186 0.862861 0.047850 0.205916 0.088548
3 0.221902 0.824416 0.429721 0.341936 0.068896
3 0.348935 0.575641 0.087466 0.022614 0.067287
2 0.647920 0.842979 0.235422 0.222442 0.060347
1 0.046837 0.978046 0.093674 0.041910 0.052655
2 0.236214 0.889952 0.268964 0.199664 0.051936
