2 0.377145 0.705325 0.216152 0.356230 0.690587
2 0.759473 0.119932 0.201881 0.237142 0.355261
2 0.743762 0.581579 0.128947 0.110458 0.350779
2 0.357482 0.424773 0.289107 0.849547 0.267842
2 0.245747 0.207500 0.490254 0.415000 0.126721
2 0.551656 0.406034 0.660565 0.811092 0.100919
2 0.774595 0.320897 0.182891 0.639443 0.086619
2 0.084980 0.129753 0.169868 0.259507 0.085725
0 0.758086 0.129445 0.193282 0.224232 0.070055
2 0.260861 0.431127 0.521721 0.862253 0.061135
2 0.232832 0.117851 0.464877 0.235703 0.051393
