0 0.491418 0.935671 0.056126 0.127810 0.233284
0 0.499658 0.930511 0.075554 0.138978 0.210733
0 0.272671 0.939600 0.143860 0.120070 0.136212
0 0.376288 0.950154 0.021317 0.042934 0.122363
0 0.300109 0.943180 0.199842 0.113640 0.104631
1 0.827873 0.842128 0.277631 0.034432 0.097191
1 0.750321 0.845212 0.418082 0.045853 0.095784
1 0.856185 0.840022 0.250405 0.028742 0.093374
0 0.477430 0.903300 0.038002 0.093676 0.063090
0 0.481779 0.929590 0.036629 0.127787 0.062039
0 0.516571 0.931075 0.110462 0.137849 0.061927
0 0.649741 0.819340 0.062125 0.059237 0.058690
