1 0.944719 0.957799 0.110561 0.033714 0.392069
1 0.251687 0.839746 0.212670 0.034062 0.389890
1 0.136218 0.814973 0.270299 0.058099 0.363910
1 0.474642 0.748492 0.116690 0.028723 0.299201
1 0.181320 0.822970 0.361073 0.074930 0.288073
0 0.411568 0.759995 0.121635 0.243266 0.278197
1 0.128326 0.804235 0.256652 0.037910 0.259636
1 0.242038 0.835965 0.228931 0.046110 0.247364
0 0.393488 0.778735 0.086198 0.208629 0.213123
1 0.944680 0.949261 0.110557 0.051046 0.206390
0 0.969278 0.843614 0.061444 0.246947 0.180420
0 0.420800 0.734226 0.146637 0.289412 0.162142
0 0.967538 0.774832 0.064291 0.110156 0.120038
1 0.368180 0.653344 0.174960 0.024209 0.088760
0 0.966861 0.801773 0.066278 0.164407 0.088588
1 0.943725 0.931727 0.112049 0.083214 0.083485
0 0.968211 0.761338 0.063578 0.077929 0.082185
