0 0.284015 0.817134 0.022977 0.075761 0.566144
0 0.396590 0.869304 0.046343 0.245002 0.501050
0 0.334630 0.711226 0.023642 0.121080 0.369079
0 0.429015 0.729267 0.030056 0.051626 0.365636
1 0.211756 0.975472 0.418790 0.043826 0.344113
1 0.087139 0.980783 0.171941 0.023428 0.172408
1 0.346204 0.979298 0.142155 0.030541 0.144693
1 0.127462 0.981032 0.254924 0.026814 0.122404
1 0.079252 0.981440 0.144660 0.019251 0.120008
1 0.186356 0.976464 0.372713 0.033134 0.113651
1 0.264411 0.978764 0.303501 0.037356 0.101494
0 0.388549 0.862616 0.029636 0.228289 0.079114
1 0.316905 0.978979 0.200556 0.034331 0.077402
0 0.428860 0.730189 0.036705 0.063018 0.069684
0 0.431466 0.659999 0.014997 0.033872 0.065268
