0 0.379536 0.806062 0.123403 0.114215 0.768401
0 0.668222 0.838780 0.077238 0.171893 0.513205
3 0.268382 0.736507 0.087614 0.023627 0.407131
0 0.263842 0.955876 0.163080 0.088247 0.161342
0 0.223351 0.958004 0.225449 0.083991 0.135298
0 0.272869 0.957543 0.112331 0.084915 0.125909
1 0.771024 0.773354 0.450826 0.052772 0.111925
0 0.657097 0.827267 0.100825 0.192883 0.088178
1 0.685566 0.769961 0.558745 0.052219 0.062718
1 0.770292 0.909514 0.455935 0.047159 0.061798
1 0.970693 0.796515 0.058164 0.027987 0.061027
0 0.686330 0.837907 0.110974 0.186867 0.060656
