3 0.683800 0.792729 0.138365 0.046751 0.769632
1 0.306655 0.898127 0.159162 0.035331 0.590945
1 0.716478 0.892194 0.265230 0.043040 0.522006
3 0.247463 0.666822 0.074175 0.022905 0.485125
3 0.489582 0.739899 0.969091 0.073668 0.407255
3 0.382948 0.734277 0.764207 0.072420 0.254838
3 0.717444 0.753123 0.468113 0.056276 0.230993
3 0.885151 0.765929 0.093220 0.025753 0.150889
3 0.550385 0.743341 0.415803 0.058412 0.124615
3 0.257870 0.665779 0.095492 0.025811 0.101953
1 0.659001 0.890607 0.145358 0.031952 0.082912
3 0.651191 0.751204 0.654531 0.070561 0.057454
3 0.315817 0.733347 0.631635 0.090294 0.053597
