3 0.407397 0.794791 0.107412 0.105384 0.524131
3 0.929683 0.925812 0.139414 0.139307 0.213775
3 0.855948 0.850574 0.132510 0.116383 0.204281
3 0.087901 0.804159 0.175803 0.092009 0.165425
3 0.945247 0.937676 0.109506 0.120878 0.121025
3 0.837114 0.835411 0.108803 0.105016 0.099640
3 0.049175 0.820442 0.098350 0.085169 0.097093
3 0.032892 0.852016 0.065784 0.100743 0.091084
3 0.785894 0.781046 0.083605 0.077034 0.082018
3 0.043852 0.836558 0.087705 0.092420 0.082013
3 0.158381 0.768611 0.148228 0.063991 0.081165
3 0.794717 0.788376 0.099301 0.087223 0.080724
4 0.574294 0.648902 0.041413 0.026325 0.074988
3 0.904722 0.898924 0.188578 0.169791 0.073757
3 0.118910 0.781897 0.170316 0.069725 0.072401
3 0.108246 0.793544 0.216493 0.096317 0.070608
3 0.836934 0.820026 0.102587 0.075769 0.069889
3 0.173575 0.761895 0.142498 0.065874 0.068005
3 0.022630 0.859340 0.045261 0.097814 0.067960
3 0.026373 0.848169 0.052546 0.079979 0.064995
3 0.074108 0.812130 0.148217 0.083334 0.064431
