0 0.784828 0.826912 0.291497 0.337065 0.723773
0 0.358916 0.813998 0.062219 0.091780 0.712559
0 0.932966 0.802751 0.134069 0.141970 0.423909
0 0.866603 0.927707 0.134779 0.137665 0.352536
0 0.931989 0.831136 0.135828 0.193422 0.275659
1 0.397409 0.745508 0.262309 0.091382 0.236162
1 0.354030 0.741784 0.177861 0.091363 0.133768
0 0.626135 0.631696 0.032770 0.050422 0.081300
0 0.317732 0.871864 0.154827 0.248992 0.074290
0 0.718406 0.776061 0.139729 0.228598 0.065741
0 0.913707 0.791620 0.172501 0.143775 0.059258
