3 0.487542 0.905005 0.066868 0.181658 0.407642
3 0.474838 0.860501 0.102418 0.278428 0.199731
3 0.461471 0.828275 0.079740 0.180094 0.134622
3 0.483430 0.889043 0.055118 0.146012 0.127223
3 0.486950 0.893956 0.085321 0.212035 0.124350
3 0.439306 0.731142 0.025202 0.067176 0.103182
3 0.477327 0.874628 0.042858 0.115494 0.100443
3 0.503812 0.909786 0.093584 0.180427 0.096459
3 0.439503 0.770540 0.033936 0.148520 0.090207
2 0.692931 0.952583 0.179418 0.094833 0.078933
3 0.438733 0.743254 0.026124 0.094025 0.067535
