2 0.327150 0.793094 0.640804 0.376253 0.228973
3 0.892604 0.782432 0.194314 0.208759 0.224568
4 0.551914 0.597773 0.132339 0.060784 0.199688
4 0.365805 0.581063 0.133004 0.052467 0.136488
2 0.388326 0.759202 0.666855 0.315797 0.124728
4 0.562901 0.596841 0.104382 0.053464 0.114246
3 0.866604 0.763800 0.242945 0.238230 0.109040
0 0.600842 0.717528 0.051626 0.215634 0.079845
4 0.820124 0.757272 0.278202 0.236859 0.073331
4 0.686776 0.625860 0.050688 0.034669 0.066518
4 0.689801 0.629841 0.056915 0.046432 0.057995
