2 0.618151 0.784410 0.509506 0.200564 0.629311
0 0.162097 0.832963 0.323316 0.249158 0.328608
4 0.672208 0.617779 0.110012 0.042494 0.324910
4 0.560550 0.668596 0.045170 0.030748 0.317288
0 0.111113 0.865904 0.222088 0.209266 0.194176
4 0.561039 0.669125 0.054331 0.037807 0.136885
0 0.639849 0.749653 0.041938 0.092605 0.095357
2 0.600253 0.801029 0.446092 0.157543 0.076674
0 0.131306 0.867402 0.262611 0.254959 0.071200
4 0.651146 0.615468 0.120351 0.044768 0.056151
0 0.642071 0.756549 0.086735 0.209584 0.054160
0 0.636686 0.734542 0.048672 0.119639 0.052577
0 0.632544 0.727777 0.062281 0.143472 0.051606
