0 0.749136 0.869045 0.259028 0.261909 0.815589
1 0.927664 0.941371 0.144620 0.049617 0.514320
0 0.657365 0.656218 0.284268 0.152444 0.485045
0 0.393465 0.702516 0.058908 0.074117 0.468249
0 0.620632 0.650756 0.209455 0.142518 0.363189
0 0.475857 0.748284 0.035728 0.048412 0.202835
0 0.477374 0.762467 0.037871 0.077905 0.179758
0 0.974400 0.827048 0.051154 0.129925 0.122814
0 0.974390 0.860372 0.050940 0.194051 0.100874
1 0.809514 0.793231 0.135649 0.026972 0.087764
0 0.973793 0.801601 0.052415 0.079951 0.080801
1 0.187453 0.757225 0.119898 0.022339 0.076032
1 0.206251 0.755794 0.160676 0.026183 0.071935
1 0.832411 0.793843 0.191766 0.029518 0.068906
1 0.850633 0.793476 0.233597 0.037419 0.067627
