1 0.258187 0.752974 0.342719 0.043106 0.634203
0 0.443296 0.743446 0.082087 0.228108 0.626758
1 0.678801 0.732585 0.443361 0.041798 0.529924
0 0.672626 0.833637 0.061576 0.111605 0.383865
0 0.698045 0.879001 0.113674 0.216813 0.251310
1 0.708943 0.734766 0.508031 0.052625 0.160025
0 0.920470 0.720764 0.159055 0.126609 0.130763
0 0.432926 0.759760 0.088383 0.230387 0.104094
0 0.984699 0.771511 0.030354 0.108025 0.098532
1 0.341463 0.751817 0.525643 0.046843 0.091399
1 0.224923 0.754677 0.269616 0.036124 0.085620
1 0.723253 0.746397 0.535495 0.090002 0.068434
0 0.420272 0.795124 0.113299 0.296358 0.067951
0 0.984741 0.752833 0.030519 0.071778 0.067739
1 0.525977 0.741682 0.851153 0.065372 0.065658
0 0.921957 0.752813 0.156085 0.189183 0.063435
0 0.405220 0.810187 0.147860 0.376020 0.059145
0 0.984385 0.792902 0.031230 0.146678 0.053706
