2 0.764446 0.773920 0.465259 0.085793 0.665731
2 0.324577 0.934296 0.302970 0.131408 0.474973
3 0.446758 0.730601 0.042379 0.015871 0.343767
2 0.265444 0.933555 0.448049 0.132796 0.280105
0 0.664856 0.658197 0.049029 0.061523 0.228403
2 0.200092 0.776785 0.306047 0.072065 0.224249
0 0.846990 0.904735 0.036621 0.038170 0.106654
3 0.266059 0.723492 0.055649 0.017275 0.086184
1 0.151473 0.791224 0.225448 0.037376 0.072276
2 0.162632 0.790130 0.221650 0.039272 0.070733
2 0.175476 0.788262 0.274809 0.050209 0.061483
0 0.540858 0.655135 0.026190 0.057711 0.053314
