2 0.113910 0.885694 0.227820 0.226492 0.804684
3 0.761429 0.792922 0.449748 0.414156 0.682510
3 0.576942 0.559652 0.613850 0.108805 0.578264
2 0.721158 0.842336 0.368339 0.315329 0.567359
2 0.306147 0.590308 0.126558 0.150276 0.494340
2 0.749750 0.792881 0.436385 0.413345 0.380674
3 0.965114 0.599742 0.069772 0.045240 0.179411
3 0.992368 0.772482 0.015201 0.024910 0.099828
4 0.667491 0.845992 0.083832 0.044556 0.097874
3 0.568101 0.580339 0.656335 0.143378 0.074334
1 0.153214 0.669319 0.127037 0.025010 0.071979
2 0.292977 0.632613 0.074420 0.067502 0.051373
