0 0.202485 0.850911 0.082883 0.132095 0.406325
0 0.355478 0.978541 0.013840 0.034689 0.340387
0 0.211415 0.930458 0.026016 0.088336 0.290760
0 0.222423 0.913457 0.047562 0.136909 0.255767
0 0.215392 0.927025 0.033192 0.102940 0.242160
0 0.203724 0.877144 0.083640 0.179573 0.181848
0 0.444158 0.717657 0.018292 0.053313 0.157277
1 0.055682 0.768423 0.079166 0.028303 0.097509
0 0.445968 0.713601 0.022964 0.066523 0.091610
0 0.191090 0.699609 0.192376 0.144780 0.083664
0 0.226863 0.974147 0.015929 0.045389 0.082430
0 0.356545 0.974030 0.016778 0.043346 0.079152
0 0.223461 0.974366 0.018130 0.042767 0.063529
0 0.352010 0.978744 0.021473 0.035608 0.062246
0 0.449281 0.711991 0.027431 0.073555 0.057064
0 0.223681 0.961784 0.025263 0.065564 0.056371
0 0.168830 0.717422 0.234260 0.172697 0.054740
