2 0.442251 0.762831 0.109846 0.209928 0.640874
0 0.523271 0.752132 0.097954 0.188596 0.461665
0 0.543934 0.798418 0.060294 0.091990 0.352327
0 0.328430 0.758215 0.019901 0.066741 0.323212
0 0.407104 0.639431 0.016301 0.069482 0.212117
0 0.446461 0.601480 0.024500 0.101599 0.208150
0 0.077392 0.799815 0.113908 0.093638 0.186795
2 0.422138 0.918888 0.221513 0.153527 0.166363
0 0.441386 0.585139 0.016799 0.069640 0.145478
0 0.333570 0.758287 0.030064 0.071355 0.128244
0 0.263303 0.681230 0.059858 0.066353 0.123613
0 0.308945 0.688785 0.050769 0.092622 0.122027
0 0.449250 0.618785 0.025093 0.080113 0.110334
1 0.269484 0.887553 0.125784 0.028430 0.109192
0 0.256906 0.685275 0.044887 0.059420 0.104562
0 0.313006 0.679444 0.048749 0.078324 0.100709
0 0.591480 0.933691 0.081148 0.123953 0.100400
0 0.404559 0.643183 0.022554 0.079446 0.096165
0 0.338951 0.939007 0.027586 0.109045 0.092777
0 0.146050 0.704500 0.091304 0.069372 0.090804
0 0.213218 0.692722 0.053100 0.062697 0.083575
0 0.356361 0.665466 0.014181 0.039845 0.081318
0 0.316321 0.671416 0.040151 0.064270 0.079544
0 0.343728 0.583228 0.016202 0.026735 0.078511
0 0.371773 0.858119 0.016588 0.065805 0.078441
0 0.284094 0.663491 0.023159 0.025749 0.078426
0 0.577580 0.930381 0.054066 0.121061 0.076298
0 0.451523 0.638865 0.026109 0.056795 0.076006
0 0.219118 0.684502 0.063907 0.074732 0.070791
0 0.251173 0.690315 0.035139 0.055977 0.069192
0 0.443238 0.570487 0.018599 0.063226 0.068731
1 0.286926 0.881877 0.177807 0.041879 0.068359
0 0.436623 0.579934 0.014821 0.051589 0.067571
0 0.245157 0.698609 0.028846 0.044057 0.065204
0 0.587372 0.938841 0.051130 0.109219 0.064701
0 0.456530 0.550832 0.012142 0.033353 0.061830
2 0.424289 0.896020 0.251988 0.197722 0.060612
0 0.368286 0.707066 0.014573 0.032385 0.059705
0 0.121686 0.958611 0.056653 0.071771 0.059456
0 0.398895 0.669929 0.020024 0.052709 0.058940
0 0.492859 0.694778 0.043292 0.078097 0.058464
0 0.407659 0.614754 0.015073 0.046606 0.057781
0 0.191703 0.721799 0.111935 0.126631 0.056677
2 0.423157 0.843897 0.238155 0.300621 0.056334
0 0.199671 0.707532 0.108302 0.102179 0.056190
0 0.568714 0.931709 0.038748 0.122582 0.055419
0 0.296643 0.663992 0.040196 0.037191 0.053407
0 0.369270 0.641938 0.019797 0.028815 0.052655
0 0.295415 0.642720 0.029398 0.038539 0.051119
2 0.155174 0.951414 0.125020 0.093828 0.050800
0 0.359645 0.678684 0.020918 0.072125 0.050713
0 0.366097 0.695945 0.018364 0.047058 0.050427
