4 0.253776 0.563996 0.196986 0.111076 0.779558
4 0.621732 0.198921 0.125783 0.071290 0.302787
4 0.018208 0.210705 0.036416 0.038308 0.302161
4 0.368986 0.373915 0.082842 0.040058 0.286171
4 0.707609 0.470120 0.117417 0.081673 0.131903
4 0.754907 0.306290 0.141827 0.066393 0.117558
4 0.597605 0.412085 0.351226 0.201285 0.105716
4 0.799605 0.300958 0.126160 0.071056 0.101240
4 0.464552 0.418802 0.076813 0.065951 0.090672
4 0.350814 0.300392 0.067937 0.038661 0.081920
4 0.422803 0.528776 0.057542 0.042561 0.080620
4 0.719998 0.248433 0.141120 0.066103 0.077498
2 0.221499 0.215665 0.442902 0.240760 0.069875
4 0.306742 0.138868 0.096309 0.056137 0.050018
