4 0.502594 0.971198 0.122728 0.056936 0.399223
1 0.589506 0.863448 0.234792 0.059672 0.319536
1 0.754127 0.627094 0.488505 0.093104 0.275743
1 0.337485 0.573435 0.183199 0.039095 0.274172
3 0.169395 0.449962 0.070842 0.021408 0.269182
3 0.173946 0.453892 0.079412 0.027054 0.230985
1 0.090607 0.529361 0.181213 0.044487 0.144911
1 0.229191 0.918005 0.455431 0.098893 0.103058
1 0.693595 0.969016 0.510174 0.061968 0.102584
1 0.835697 0.642519 0.328022 0.075994 0.095564
1 0.110766 0.533286 0.221531 0.046921 0.082343
1 0.714974 0.977053 0.531850 0.045894 0.080009
1 0.181856 0.606677 0.209137 0.045446 0.074209
1 0.074118 0.500783 0.147921 0.040488 0.068654
2 0.159250 0.554811 0.318499 0.168647 0.062245
3 0.178563 0.458306 0.084886 0.028168 0.061763
1 0.140707 0.597970 0.280760 0.066487 0.057794
1 0.667742 0.980657 0.252441 0.038687 0.054973
