0 0.618778 0.905110 0.117878 0.189781 0.447518
0 0.248076 0.918803 0.102698 0.055843 0.441994
1 0.346095 0.830689 0.417487 0.060429 0.435245
1 0.553502 0.812688 0.812100 0.093001 0.298707
1 0.470875 0.908916 0.162108 0.036492 0.294157
1 0.681017 0.804313 0.527749 0.056296 0.230829
0 0.659124 0.783060 0.162593 0.290374 0.226707
1 0.650975 0.800690 0.424625 0.081255 0.219341
1 0.761847 0.804707 0.360407 0.052696 0.187458
0 0.274346 0.784101 0.185012 0.336357 0.117108
0 0.634595 0.793184 0.205754 0.332989 0.106518
1 0.631941 0.799869 0.645806 0.073629 0.104541
0 0.644726 0.904122 0.172824 0.191756 0.097600
0 0.704485 0.875141 0.078447 0.112393 0.096018
0 0.250407 0.806603 0.191084 0.366923 0.090439
1 0.792289 0.802308 0.271319 0.044981 0.082323
0 0.623177 0.816937 0.246829 0.237029 0.076484
1 0.370032 0.920227 0.390787 0.054779 0.064905
1 0.181323 0.844809 0.114515 0.022477 0.059044
