2 0.432754 0.804137 0.467795 0.161273 0.257710
2 0.576100 0.800308 0.172161 0.170717 0.159703
2 0.147036 0.778622 0.293806 0.167400 0.146796
1 0.305656 0.828537 0.171947 0.037197 0.141063
2 0.561586 0.835710 0.152015 0.100635 0.136783
1 0.294900 0.825065 0.207885 0.041763 0.108923
2 0.356563 0.796730 0.617923 0.166916 0.086751
2 0.113058 0.788577 0.225829 0.146958 0.068095
2 0.629677 0.803685 0.301461 0.174274 0.065701
0 0.738438 0.816262 0.155526 0.138180 0.060859
4 0.425335 0.801129 0.049510 0.029606 0.057859
2 0.437902 0.828352 0.424596 0.114392 0.057811
4 0.575460 0.818024 0.073002 0.038799 0.057356
1 0.065263 0.850817 0.130312 0.029007 0.056770
