1 0.570929 0.788266 0.386118 0.052208 0.487335
0 0.391481 0.859731 0.035081 0.102342 0.447918
0 0.610354 0.952139 0.101940 0.095723 0.401068
1 0.171884 0.782266 0.220109 0.033024 0.375302
0 0.230604 0.854926 0.122792 0.143462 0.166159
0 0.633250 0.950378 0.142020 0.099245 0.164826
1 0.531674 0.782886 0.463638 0.057831 0.145541
1 0.613945 0.796120 0.297623 0.037972 0.144991
2 0.346955 0.742673 0.082047 0.090617 0.130586
2 0.285568 0.742929 0.221109 0.096731 0.100835
2 0.272084 0.847421 0.356874 0.304966 0.092873
0 0.659375 0.952190 0.201455 0.095620 0.083768
1 0.321231 0.930312 0.142679 0.039073 0.080286
0 0.358446 0.876881 0.109077 0.141425 0.068927
2 0.416950 0.837593 0.688700 0.282014 0.068698
1 0.599588 0.786001 0.325408 0.043317 0.058815
1 0.454933 0.766429 0.614170 0.097221 0.058080
2 0.351218 0.746164 0.065220 0.079510 0.057905
0 0.195945 0.889333 0.199083 0.219685 0.055099
1 0.329832 0.928934 0.111307 0.034521 0.054534
