4 0.508145 0.658184 0.262110 0.080334 0.634749
4 0.326661 0.762153 0.157991 0.155632 0.311682
2 0.578328 0.765423 0.500110 0.168421 0.308979
4 0.513552 0.671569 0.248822 0.053825 0.271563
4 0.400060 0.804450 0.076400 0.080849 0.204407
4 0.315935 0.779375 0.104636 0.128453 0.169738
4 0.384072 0.715017 0.047436 0.037800 0.148103
2 0.487648 0.773197 0.737986 0.170309 0.123864
4 0.226341 0.827880 0.452681 0.342820 0.110779
4 0.537110 0.582113 0.162305 0.070820 0.102849
4 0.579340 0.598242 0.094704 0.038381 0.083909
4 0.587777 0.591819 0.096346 0.047992 0.079963
4 0.100395 0.899385 0.200650 0.195575 0.071642
4 0.502095 0.572757 0.202562 0.071670 0.065469
4 0.174097 0.779753 0.348195 0.414041 0.065451
2 0.385764 0.815738 0.764589 0.250038 0.063880
2 0.275326 0.837865 0.550595 0.308861 0.050600
