2 0.515351 0.862898 0.098938 0.264955 0.761560
0 0.244849 0.962114 0.018480 0.064501 0.527944
4 0.986050 0.818291 0.027707 0.077821 0.351149
1 0.404693 0.651032 0.135069 0.018916 0.170688
2 0.473421 0.673192 0.035015 0.071910 0.123055
1 0.416528 0.648303 0.133983 0.014812 0.120438
0 0.377565 0.618120 0.017498 0.036888 0.109084
0 0.455381 0.604289 0.020316 0.053676 0.100656
0 0.469938 0.670213 0.023887 0.064368 0.084515
1 0.430973 0.577007 0.086488 0.011430 0.083678
0 0.374610 0.621286 0.017938 0.040420 0.082267
0 0.376629 0.604224 0.026239 0.036210 0.058113
2 0.463398 0.603412 0.032499 0.062555 0.053324
0 0.493477 0.703866 0.014166 0.045654 0.052792
2 0.468876 0.669697 0.027009 0.064692 0.050969
