3 0.679924 0.676688 0.096087 0.028765 0.716771
3 0.738893 0.667528 0.104439 0.117239 0.590824
0 0.038938 0.768236 0.076937 0.065184 0.340382
3 0.196872 0.837173 0.389547 0.325654 0.202924
0 0.930007 0.920520 0.139986 0.158959 0.173449
0 0.037224 0.784851 0.074447 0.101609 0.147434
0 0.037336 0.850238 0.074673 0.234967 0.069822
0 0.037289 0.815340 0.074577 0.159723 0.068038
3 0.297546 0.761957 0.215610 0.216548 0.061412
0 0.582558 0.594026 0.020189 0.050404 0.061164
0 0.723460 0.852886 0.098309 0.234598 0.055086
