0 0.418636 0.822715 0.064832 0.070779 0.643860
0 0.225442 0.849486 0.039496 0.102307 0.481441
0 0.647401 0.807810 0.399301 0.381918 0.463108
0 0.214514 0.885629 0.062069 0.177489 0.409993
0 0.753292 0.927427 0.158752 0.145147 0.395462
1 0.377518 0.698704 0.102558 0.022211 0.347928
2 0.722215 0.811035 0.547092 0.372872 0.316047
0 0.779676 0.789213 0.439821 0.306451 0.237119
0 0.610415 0.747725 0.319398 0.257662 0.131309
0 0.842710 0.813075 0.314580 0.279375 0.102535
0 0.865901 0.749730 0.171919 0.087921 0.060331
