3 0.161197 0.610451 0.321797 0.294173 0.684930
3 0.652425 0.613337 0.063298 0.022592 0.630395
0 0.096124 0.876329 0.166524 0.221493 0.500800
0 0.131795 0.809546 0.235530 0.333176 0.428752
1 0.104876 0.645226 0.209753 0.034050 0.249176
1 0.221001 0.645771 0.259004 0.050382 0.212407
0 0.222745 0.685654 0.042314 0.079018 0.153366
2 0.438401 0.538430 0.120442 0.061083 0.131931
2 0.498185 0.586480 0.220438 0.159167 0.122131
1 0.133399 0.643462 0.140767 0.031195 0.094747
2 0.459205 0.552596 0.166299 0.099120 0.090795
0 0.208938 0.693047 0.072810 0.099990 0.086337
1 0.179231 0.642615 0.358462 0.057225 0.072285
1 0.259315 0.648299 0.360231 0.056332 0.052584
1 0.196356 0.640894 0.229721 0.038403 0.051174
