3 0.317624 0.848608 0.635249 0.302784 0.516015
3 0.800861 0.973216 0.395851 0.053142 0.364400
3 0.348821 0.142462 0.697642 0.120072 0.330424
3 0.320251 0.732410 0.638053 0.106454 0.292655
1 0.301029 0.416164 0.171008 0.053406 0.249810
3 0.355351 0.269193 0.705785 0.365668 0.199558
3 0.459732 0.284408 0.525641 0.328762 0.091419
3 0.799181 0.957173 0.401639 0.085489 0.083306
3 0.752190 0.975735 0.295903 0.048531 0.082585
3 0.664996 0.500396 0.150821 0.996572 0.082571
3 0.347789 0.112749 0.695579 0.186433 0.080934
3 0.320830 0.708905 0.641660 0.153262 0.067998
3 0.702936 0.430827 0.080224 0.340740 0.058048
