0 0.264993 0.846666 0.115740 0.291968 0.771408
0 0.879019 0.762544 0.241962 0.165264 0.513368
1 0.610585 0.662186 0.137323 0.023672 0.334787
0 0.562826 0.700544 0.167088 0.212225 0.333441
0 0.555387 0.844032 0.092357 0.311936 0.242497
2 0.579381 0.839147 0.151047 0.321262 0.197623
0 0.490349 0.617523 0.036791 0.053234 0.180119
0 0.579351 0.847117 0.147187 0.305588 0.176084
1 0.956321 0.718581 0.087357 0.034612 0.162508
0 0.880637 0.796067 0.238727 0.248243 0.116828
1 0.955384 0.710928 0.089225 0.051375 0.088342
0 0.823284 0.748640 0.351220 0.246030 0.076652
0 0.588594 0.742313 0.115818 0.136919 0.056765
0 0.541999 0.778491 0.057475 0.176692 0.054530
0 0.899639 0.662805 0.200722 0.087797 0.051194
