0 0.191468 0.888023 0.215163 0.220705 0.838841
0 0.345230 0.825770 0.081170 0.182607 0.831286
1 0.692331 0.864718 0.221644 0.037751 0.500103
0 0.498127 0.878220 0.105992 0.243561 0.240758
0 0.489501 0.862091 0.041213 0.069023 0.239318
0 0.477631 0.827911 0.065949 0.139146 0.231602
1 0.448717 0.904120 0.118943 0.022486 0.140612
0 0.506791 0.905910 0.078353 0.188180 0.103671
0 0.513503 0.889072 0.114438 0.221357 0.097648
0 0.462019 0.785665 0.033174 0.058970 0.063714
0 0.524140 0.972893 0.045591 0.053653 0.060007
0 0.533492 0.976613 0.063417 0.046518 0.059898
0 0.541240 0.980934 0.082331 0.037987 0.052845
0 0.537874 0.972770 0.080085 0.054236 0.052720
