0 0.476152 0.848319 0.041855 0.294413 0.644202
0 0.246052 0.765565 0.097084 0.128788 0.644064
0 0.429442 0.859788 0.061509 0.269189 0.608283
0 0.192760 0.846462 0.205809 0.295579 0.486031
0 0.421424 0.661294 0.042853 0.091108 0.483845
0 0.139410 0.744243 0.278820 0.223009 0.478611
0 0.141452 0.920059 0.102755 0.154659 0.387713
0 0.186848 0.705363 0.128877 0.102396 0.336300
0 0.354511 0.627391 0.081374 0.117076 0.313948
0 0.219934 0.681254 0.189885 0.136795 0.275505
0 0.441928 0.593002 0.017897 0.041145 0.256734
0 0.324995 0.690044 0.017348 0.031791 0.189854
0 0.443283 0.584637 0.017283 0.053274 0.177208
0 0.129490 0.929714 0.081989 0.136207 0.151984
0 0.476307 0.679476 0.019496 0.080444 0.146852
0 0.064371 0.798566 0.128741 0.101481 0.139243
1 0.395079 0.777557 0.136616 0.028574 0.139090
0 0.359020 0.613074 0.081883 0.096998 0.136973
0 0.473895 0.665632 0.024324 0.098961 0.135113
0 0.347470 0.642280 0.064628 0.118843 0.114649
0 0.423522 0.855743 0.043844 0.261348 0.112481
0 0.446568 0.698424 0.011702 0.037367 0.111676
0 0.417534 0.651697 0.034428 0.081093 0.110038
0 0.437995 0.596705 0.019357 0.034604 0.099979
0 0.427654 0.666457 0.049704 0.095355 0.082721
0 0.330516 0.647876 0.030510 0.045882 0.071913
0 0.099990 0.767471 0.199980 0.178049 0.070061
0 0.280036 0.637338 0.072047 0.053058 0.067840
0 0.374838 0.590913 0.049244 0.053891 0.067103
0 0.419477 0.687304 0.038815 0.139795 0.065051
0 0.326120 0.665799 0.024309 0.059541 0.064305
0 0.339460 0.652174 0.049103 0.102536 0.063314
0 0.345972 0.636019 0.062765 0.075201 0.061223
0 0.152030 0.906493 0.124059 0.187013 0.057362
0 0.418246 0.854795 0.030380 0.258096 0.056529
0 0.471280 0.655335 0.024104 0.108705 0.055377
0 0.438787 0.586627 0.022517 0.053591 0.054049
0 0.289659 0.629582 0.056552 0.040652 0.053732
