4 0.747409 0.773733 0.126966 0.090057 0.166086
4 0.912184 0.910826 0.175115 0.163548 0.123963
0 0.899343 0.786675 0.147383 0.087584 0.118801
0 0.936221 0.903092 0.127164 0.147118 0.102511
4 0.743318 0.758471 0.119913 0.058750 0.098743
0 0.958346 0.904098 0.082793 0.142218 0.094122
4 0.893362 0.890143 0.213277 0.177911 0.089104
4 0.872666 0.913001 0.103406 0.117712 0.076066
4 0.753073 0.762829 0.144985 0.072611 0.071916
4 0.780190 0.812611 0.113726 0.094242 0.062982
4 0.733740 0.757284 0.094751 0.048407 0.059797
0 0.915412 0.893079 0.169073 0.144902 0.059305
0 0.956351 0.877764 0.087176 0.089629 0.059167
0 0.764133 0.790054 0.134796 0.105763 0.058170
