0 0.422851 0.255959 0.121322 0.088132 0.714159
0 0.409952 0.578957 0.055222 0.317994 0.556706
1 0.264073 0.591920 0.257998 0.068578 0.527278
0 0.313025 0.771090 0.137597 0.071307 0.467649
0 0.266163 0.591771 0.255543 0.068354 0.401139
0 0.694707 0.867806 0.606061 0.264388 0.287510
0 0.771741 0.923042 0.440696 0.153916 0.207281
0 0.602080 0.264802 0.231519 0.072517 0.203914
0 0.484518 0.346768 0.021988 0.088753 0.200425
0 0.740165 0.902624 0.515523 0.194496 0.156452
1 0.562796 0.276526 0.158777 0.050314 0.138467
0 0.435037 0.534272 0.101662 0.420438 0.136794
1 0.060234 0.502862 0.120063 0.045166 0.135264
0 0.570989 0.271509 0.171717 0.060454 0.115443
0 0.465118 0.796943 0.151269 0.125678 0.113107
1 0.061066 0.510053 0.121595 0.035050 0.106469
0 0.697189 0.923613 0.287126 0.152483 0.092084
0 0.395176 0.682490 0.032675 0.110590 0.089776
0 0.442251 0.796701 0.104866 0.125055 0.063547
0 0.565028 0.867042 0.345601 0.265916 0.062646
1 0.076644 0.515631 0.152221 0.025755 0.059639
0 0.496955 0.802809 0.211325 0.138153 0.057587
1 0.064004 0.492969 0.128009 0.062580 0.054598
