3 0.196669 0.745799 0.146953 0.064037 0.767729
0 0.643569 0.585376 0.079789 0.083313 0.485978
0 0.749466 0.666990 0.066593 0.095809 0.436813
1 0.063245 0.767702 0.126491 0.044078 0.345413
1 0.769705 0.618563 0.201135 0.039264 0.234967
3 0.553620 0.643971 0.892760 0.319533 0.234593
0 0.457139 0.714928 0.047743 0.207955 0.139429
3 0.905244 0.646185 0.070275 0.026491 0.122831
0 0.456348 0.741536 0.060845 0.255900 0.119122
3 0.456080 0.400107 0.074759 0.022063 0.107282
1 0.118828 0.906774 0.237526 0.073032 0.105240
0 0.268752 0.802794 0.054301 0.066593 0.089909
1 0.061293 0.783140 0.122434 0.078044 0.082754
1 0.743810 0.608180 0.275942 0.069401 0.080707
1 0.234171 0.887390 0.468342 0.091384 0.079907
0 0.694840 0.615751 0.182478 0.146442 0.071564
1 0.119796 0.902588 0.239592 0.048482 0.064375
1 0.563486 0.553570 0.098197 0.030159 0.063660
1 0.425283 0.597746 0.171168 0.040524 0.063485
0 0.677572 0.598826 0.150047 0.112431 0.060055
