2 0.805078 0.776065 0.388982 0.288884 0.464686
1 0.659403 0.941145 0.375433 0.052478 0.411082
1 0.183186 0.966464 0.286718 0.060237 0.329600
2 0.826408 0.820142 0.347184 0.347275 0.193895
2 0.121998 0.860769 0.243911 0.278032 0.175714
0 0.426868 0.828233 0.052337 0.069870 0.121241
0 0.111282 0.859179 0.221840 0.274290 0.115158
2 0.430141 0.818711 0.856848 0.361182 0.108580
2 0.841465 0.793739 0.316550 0.237525 0.099608
1 0.932403 0.782744 0.135183 0.037149 0.096636
1 0.689313 0.945182 0.302194 0.043795 0.079374
1 0.324716 0.615452 0.137532 0.030940 0.077971
0 0.037209 0.914627 0.074194 0.163856 0.077060
1 0.219954 0.967012 0.391872 0.065897 0.069566
2 0.427131 0.890340 0.852140 0.218267 0.054605
0 0.447370 0.895104 0.095989 0.208422 0.053520
3 0.506738 0.602780 0.047952 0.016682 0.052438
