0 0.411429 0.166841 0.143202 0.332924 0.521784
0 0.552945 0.575764 0.272910 0.848472 0.481006
0 0.945760 0.048902 0.108362 0.097804 0.153559
0 0.929044 0.106092 0.141912 0.212183 0.114863
0 0.922008 0.074182 0.155984 0.148364 0.107817
0 0.941473 0.141876 0.117055 0.283652 0.087083
0 0.982822 0.818777 0.034356 0.359116 0.085541
0 0.505562 0.497772 0.339724 0.988252 0.069962
0 0.911269 0.053124 0.176210 0.106248 0.065082
0 0.430669 0.240784 0.103941 0.194768 0.054440
0 0.942216 0.199869 0.115149 0.399738 0.052107
