1 0.441300 0.724547 0.438748 0.101084 0.657491
1 0.893282 0.904400 0.213437 0.141341 0.575269
1 0.384359 0.737571 0.320984 0.071699 0.440374
2 0.510221 0.931851 0.217165 0.136100 0.426192
0 0.142290 0.830525 0.041883 0.098189 0.391501
2 0.584564 0.933435 0.419027 0.131610 0.293277
0 0.496440 0.663317 0.114864 0.073354 0.271576
1 0.588521 0.934966 0.404963 0.128728 0.170179
0 0.603554 0.936356 0.393035 0.127287 0.136296
1 0.702675 0.929292 0.176503 0.108285 0.128940
0 0.670995 0.937093 0.239060 0.125814 0.111258
0 0.117866 0.864211 0.094484 0.165069 0.101360
1 0.893854 0.872645 0.212291 0.205780 0.077330
0 0.696632 0.931547 0.186138 0.112208 0.076419
1 0.605248 0.689045 0.130925 0.030988 0.069810
