0 0.425995 0.826361 0.024755 0.163158 0.686179
0 0.510465 0.917341 0.038773 0.162021 0.542888
0 0.188555 0.932918 0.073756 0.125146 0.367392
0 0.288089 0.670321 0.057161 0.069507 0.363343
0 0.218391 0.943748 0.049727 0.100066 0.318931
2 0.435938 0.605078 0.028107 0.109916 0.250270
0 0.507249 0.902098 0.047655 0.189308 0.235114
1 0.163570 0.841289 0.156266 0.028254 0.175823
0 0.213612 0.950411 0.040334 0.084868 0.167704
0 0.216387 0.768748 0.019401 0.051054 0.151850
0 0.435800 0.614624 0.026699 0.111917 0.142559
0 0.175466 0.807126 0.036753 0.047732 0.137577
2 0.438754 0.622591 0.035797 0.147469 0.135746
1 0.230187 0.798826 0.057818 0.017808 0.131441
2 0.323490 0.593584 0.093634 0.097360 0.126729
0 0.323560 0.593444 0.083666 0.083147 0.121941
0 0.223149 0.930276 0.060810 0.127370 0.115261
2 0.447506 0.643797 0.052151 0.174048 0.113234
0 0.427915 0.541508 0.013875 0.041871 0.110115
1 0.183269 0.838269 0.108008 0.022784 0.108430
2 0.134932 0.744681 0.098312 0.069613 0.107519
0 0.184416 0.799166 0.059292 0.065381 0.097919
0 0.227108 0.763114 0.044405 0.065589 0.097880
0 0.194188 0.788354 0.075539 0.091994 0.097744
0 0.214435 0.771065 0.024664 0.058189 0.096899
0 0.296562 0.618751 0.048606 0.042985 0.096396
0 0.313285 0.603560 0.072938 0.066990 0.095862
0 0.367411 0.619232 0.032140 0.069443 0.094082
0 0.429180 0.554535 0.016017 0.047685 0.092220
0 0.181006 0.944569 0.060269 0.103152 0.090842
0 0.457741 0.710661 0.016836 0.055955 0.090492
0 0.205551 0.949698 0.038094 0.088978 0.076245
0 0.293624 0.663321 0.055146 0.071877 0.075034
0 0.291899 0.623133 0.040759 0.036202 0.072988
0 0.459063 0.713430 0.021642 0.065951 0.072690
0 0.307795 0.611761 0.066997 0.053953 0.072493
2 0.434849 0.607286 0.037509 0.121976 0.071422
0 0.358027 0.634493 0.016429 0.056833 0.070361
1 0.178996 0.833605 0.153848 0.046892 0.069481
0 0.230756 0.911954 0.074156 0.165890 0.069430
0 0.378394 0.601903 0.014208 0.036842 0.068873
0 0.297184 0.752931 0.047691 0.091912 0.068663
0 0.275389 0.685383 0.032298 0.040786 0.066311
0 0.465749 0.666589 0.017060 0.057000 0.065824
0 0.232116 0.758499 0.051199 0.078296 0.065109
0 0.471854 0.731306 0.043753 0.100366 0.064182
0 0.465689 0.721182 0.031597 0.081196 0.061212
0 0.367218 0.618295 0.038248 0.084735 0.060632
2 0.148175 0.740729 0.133496 0.083038 0.060136
1 0.207375 0.840163 0.062525 0.024093 0.059012
0 0.500579 0.888581 0.061107 0.217284 0.057393
2 0.456032 0.651425 0.067564 0.180456 0.056607
0 0.370795 0.612158 0.029884 0.065895 0.056200
0 0.396162 0.551548 0.015458 0.031452 0.055633
0 0.470772 0.711378 0.042577 0.112201 0.055437
0 0.475063 0.749532 0.049731 0.142023 0.051398
0 0.338472 0.583352 0.067057 0.080396 0.050372
