3 0.720708 0.527584 0.089695 0.029560 0.526222
0 0.374164 0.878134 0.035085 0.080857 0.392387
0 0.922718 0.898255 0.154095 0.199030 0.346347
3 0.715081 0.649159 0.255584 0.265609 0.289671
0 0.593952 0.593905 0.199253 0.166576 0.216974
0 0.538527 0.584149 0.068725 0.153024 0.205262
0 0.914090 0.688934 0.171421 0.146612 0.155542
2 0.090485 0.787061 0.180970 0.421603 0.142389
1 0.623463 0.654348 0.159007 0.049287 0.122787
1 0.801384 0.652206 0.161326 0.033647 0.119118
0 0.918232 0.717530 0.163268 0.200051 0.089740
0 0.547400 0.589379 0.101609 0.161207 0.078807
0 0.900461 0.672012 0.198425 0.126130 0.078035
1 0.457944 0.530399 0.130075 0.026140 0.067521
