0 0.273280 0.697370 0.044155 0.071443 0.676362
0 0.162140 0.847566 0.033245 0.057578 0.571351
0 0.378078 0.891977 0.012960 0.128797 0.511634
4 0.452928 0.945835 0.031022 0.055827 0.373300
0 0.414105 0.733725 0.018310 0.172194 0.337143
0 0.488229 0.893462 0.017641 0.063512 0.323353
0 0.458914 0.753864 0.031734 0.138094 0.309040
0 0.158841 0.852039 0.038714 0.072490 0.189726
1 0.274638 0.816751 0.306528 0.025038 0.186989
0 0.415740 0.753985 0.015291 0.140891 0.177619
0 0.464102 0.782684 0.022391 0.081257 0.152269
0 0.436986 0.661455 0.026066 0.083752 0.150470
0 0.415943 0.724830 0.025152 0.187210 0.147586
0 0.464547 0.750376 0.027620 0.140783 0.146211
1 0.227022 0.816132 0.341387 0.023275 0.144536
0 0.452346 0.736628 0.042918 0.164072 0.137996
0 0.433060 0.651923 0.021445 0.071950 0.132088
0 0.412080 0.585380 0.015440 0.052618 0.130841
1 0.244957 0.816402 0.489652 0.025135 0.128400
0 0.448509 0.721645 0.048137 0.199068 0.121537
0 0.415141 0.592941 0.017921 0.062269 0.116965
1 0.469810 0.836724 0.184403 0.030803 0.106144
1 0.233843 0.819263 0.467687 0.038272 0.101506
0 0.429371 0.642438 0.021559 0.060637 0.087652
0 0.440605 0.699141 0.033479 0.159213 0.085978
0 0.385125 0.894594 0.024729 0.133610 0.081515
0 0.432715 0.654422 0.031106 0.086559 0.078554
0 0.412328 0.664300 0.016856 0.043244 0.076608
4 0.456368 0.952221 0.038767 0.071810 0.069077
1 0.228002 0.807286 0.455796 0.045734 0.066739
1 0.488411 0.843805 0.171968 0.054836 0.065469
1 0.262806 0.822954 0.436442 0.030315 0.065394
1 0.471589 0.837731 0.139620 0.025261 0.065212
1 0.367772 0.833855 0.411342 0.028236 0.064044
1 0.460624 0.842170 0.224985 0.041704 0.063896
0 0.412917 0.577926 0.018207 0.069407 0.061269
1 0.146137 0.814446 0.292274 0.026093 0.060818
1 0.161013 0.807448 0.322027 0.027158 0.059791
0 0.421169 0.620170 0.022416 0.060821 0.059607
1 0.437109 0.837792 0.090913 0.026484 0.057103
0 0.414505 0.664375 0.021545 0.057582 0.057036
1 0.450622 0.837864 0.084439 0.024826 0.056960
0 0.453223 0.736644 0.030704 0.159627 0.053875
0 0.408046 0.564054 0.015091 0.065412 0.053762
1 0.482796 0.836023 0.146553 0.038126 0.053378
0 0.438860 0.723710 0.063550 0.187078 0.051586
