3 0.309199 0.520567 0.106490 0.164152 0.853993
3 0.453683 0.417142 0.433999 0.075016 0.498704
0 0.911369 0.703386 0.177150 0.242069 0.302635
3 0.602153 0.416944 0.765100 0.079702 0.286354
0 0.910181 0.668719 0.179351 0.168745 0.228067
0 0.904847 0.750633 0.190306 0.331447 0.214010
0 0.726178 0.467540 0.087978 0.065148 0.202545
3 0.372515 0.418319 0.266227 0.075000 0.155500
1 0.192045 0.518434 0.261471 0.044444 0.139558
3 0.756962 0.397641 0.429918 0.124783 0.134095
0 0.822041 0.647870 0.116262 0.126351 0.116468
3 0.661036 0.399942 0.623678 0.118149 0.110142
0 0.255493 0.900349 0.080323 0.142927 0.061785
3 0.614082 0.382103 0.170005 0.118354 0.056902
