0 0.537239 0.769825 0.031874 0.069825 0.672452
0 0.392415 0.657391 0.037502 0.122671 0.540735
0 0.474322 0.688806 0.058986 0.053391 0.479198
0 0.386210 0.644338 0.051281 0.148849 0.339365
1 0.406384 0.969109 0.415603 0.047782 0.254448
0 0.479223 0.695512 0.071047 0.066580 0.223741
0 0.360407 0.589687 0.018947 0.036686 0.139595
1 0.336511 0.973995 0.254010 0.037917 0.133704
0 0.363571 0.585700 0.020576 0.036292 0.115797
0 0.520861 0.742925 0.064329 0.126056 0.054382
0 0.467539 0.683547 0.068311 0.061359 0.051731
