0 0.152745 0.846240 0.295098 0.264877 0.740243
0 0.778285 0.785475 0.327863 0.372552 0.720033
0 0.199124 0.808084 0.385917 0.339389 0.516839
1 0.120935 0.719907 0.241152 0.030985 0.382738
1 0.539868 0.621857 0.214550 0.027811 0.255043
2 0.219228 0.665859 0.086802 0.050993 0.231412
1 0.575244 0.784527 0.631108 0.073370 0.135846
0 0.221611 0.665443 0.081214 0.048256 0.093445
0 0.695525 0.688158 0.162861 0.178776 0.093106
0 0.357460 0.666412 0.081943 0.063277 0.072226
1 0.519473 0.777657 0.559730 0.064784 0.070744
1 0.094154 0.720660 0.188309 0.024757 0.050054
