1 0.106567 0.916700 0.213133 0.062897 0.580343
3 0.660517 0.560760 0.076643 0.023078 0.547469
3 0.429780 0.766084 0.732903 0.077951 0.499501
0 0.712567 0.672104 0.156767 0.164579 0.441392
3 0.528034 0.774076 0.943932 0.101761 0.389246
2 0.934270 0.644903 0.131461 0.112335 0.344335
3 0.516717 0.805837 0.965042 0.165884 0.313578
2 0.903922 0.825964 0.192156 0.136596 0.244798
3 0.868304 0.875556 0.262740 0.248769 0.199484
3 0.242894 0.657415 0.054012 0.017299 0.181439
3 0.517638 0.841237 0.964668 0.241547 0.172519
3 0.743027 0.531635 0.060830 0.015948 0.146041
2 0.936425 0.678336 0.127151 0.177433 0.135982
2 0.885417 0.809410 0.229166 0.172211 0.058826
2 0.864307 0.875614 0.271387 0.248773 0.053475
