1 0.280855 0.706290 0.376952 0.029120 0.145584
1 0.340804 0.708375 0.253724 0.032313 0.143058
1 0.348521 0.689703 0.234750 0.017378 0.092631
1 0.279461 0.709460 0.380272 0.055469 0.073397
1 0.348937 0.688475 0.188287 0.014971 0.066398
1 0.302340 0.689116 0.320753 0.015242 0.061726
1 0.368055 0.707387 0.200966 0.028301 0.058136
1 0.281331 0.691347 0.351042 0.020915 0.054077
1 0.340340 0.695433 0.256625 0.031930 0.053560
1 0.309498 0.711863 0.310771 0.025386 0.051386
1 0.317516 0.639916 0.296690 0.019250 0.050311
