0 0.386594 0.816283 0.027309 0.132939 0.804949
0 0.184929 0.929419 0.063814 0.127515 0.380100
0 0.420701 0.670745 0.027741 0.094735 0.322145
0 0.372221 0.580424 0.046028 0.070426 0.286524
0 0.489657 0.794204 0.023175 0.087914 0.276797
0 0.427775 0.552910 0.013096 0.027572 0.237837
0 0.238304 0.823026 0.172327 0.344786 0.225214
0 0.362982 0.879621 0.045029 0.232833 0.186163
0 0.350909 0.762803 0.021489 0.253000 0.163141
0 0.454051 0.714034 0.030963 0.082517 0.151556
2 0.340182 0.671163 0.036451 0.108936 0.146509
0 0.466195 0.952702 0.018546 0.076857 0.119661
0 0.328373 0.705894 0.012000 0.029594 0.118400
0 0.359030 0.591531 0.022570 0.049517 0.117523
1 0.411590 0.623623 0.128613 0.022171 0.103783
1 0.441841 0.624195 0.059072 0.018915 0.102213
0 0.451845 0.705950 0.029296 0.058693 0.091638
0 0.271277 0.754465 0.097408 0.183477 0.078459
0 0.363578 0.917126 0.041088 0.157494 0.077279
0 0.418011 0.607669 0.016243 0.031914 0.077164
0 0.337108 0.678234 0.038136 0.118899 0.076938
0 0.214036 0.871363 0.122067 0.245681 0.075108
1 0.399863 0.620856 0.174434 0.013169 0.074670
0 0.356256 0.851772 0.036443 0.283012 0.074331
0 0.428910 0.547885 0.016509 0.037717 0.071138
0 0.337439 0.647208 0.026754 0.053419 0.066015
0 0.378947 0.567301 0.037106 0.048402 0.065378
0 0.334385 0.681328 0.025637 0.086151 0.063735
1 0.370810 0.619610 0.157341 0.015644 0.061469
0 0.351898 0.668061 0.013928 0.090990 0.060835
0 0.424378 0.555693 0.013515 0.028802 0.060271
0 0.449633 0.698703 0.022115 0.048553 0.059691
0 0.451942 0.721729 0.038721 0.078617 0.059103
0 0.469423 0.752688 0.064930 0.168954 0.056869
2 0.456049 0.733804 0.086798 0.180196 0.056549
0 0.417154 0.642397 0.027191 0.041951 0.051403
