0 0.367339 0.849607 0.057449 0.186361 0.699476
0 0.557092 0.897854 0.035752 0.119126 0.620273
1 0.260179 0.767989 0.477362 0.074367 0.527919
0 0.289405 0.708822 0.065112 0.110166 0.499035
1 0.348789 0.939770 0.338571 0.093975 0.485494
0 0.530194 0.846364 0.088715 0.214691 0.274055
0 0.420107 0.633299 0.016608 0.041324 0.122075
0 0.502736 0.778746 0.034863 0.081111 0.115474
1 0.451395 0.967520 0.110559 0.047638 0.105911
0 0.298441 0.675435 0.075817 0.167973 0.098910
0 0.505539 0.788698 0.041194 0.103352 0.081142
1 0.267238 0.919893 0.166312 0.050327 0.076092
1 0.179312 0.711250 0.213829 0.028848 0.061013
0 0.382047 0.555780 0.016074 0.041541 0.050799
