3 0.833015 0.882611 0.172569 0.178950 0.252697
4 0.345733 0.713214 0.170232 0.094628 0.132768
4 0.519916 0.787337 0.251689 0.122080 0.108486
4 0.571628 0.862890 0.360408 0.256281 0.086049
4 0.336671 0.718344 0.111600 0.060027 0.071914
4 0.520167 0.852436 0.278231 0.249812 0.071786
4 0.331574 0.702086 0.188944 0.100866 0.061416
4 0.518375 0.816021 0.261366 0.178125 0.057549
4 0.333291 0.715373 0.085137 0.048303 0.057361
4 0.341354 0.705048 0.119131 0.083325 0.054464
4 0.354103 0.714261 0.144228 0.074856 0.052257
