0 0.173923 0.804370 0.287845 0.380420 0.904590
0 0.227264 0.648273 0.107119 0.082773 0.116283
0 0.246405 0.635952 0.137882 0.101587 0.105703
0 0.300674 0.586441 0.085214 0.070358 0.080822
0 0.258554 0.623983 0.102240 0.093913 0.076431
0 0.256238 0.620619 0.149425 0.121938 0.070590
0 0.291950 0.594730 0.098593 0.077195 0.066372
0 0.306753 0.583458 0.067670 0.060950 0.064867
0 0.250272 0.636192 0.083012 0.078366 0.063820
0 0.276258 0.610920 0.119919 0.095262 0.060905
0 0.240624 0.645488 0.072377 0.065616 0.054871
0 0.286247 0.597419 0.057360 0.054941 0.054847
0 0.226605 0.648072 0.089204 0.068337 0.054743
