3 0.797230 0.654600 0.073412 0.025717 0.673868
1 0.485781 0.907742 0.197637 0.036259 0.642246
1 0.256938 0.957881 0.232439 0.049576 0.423969
0 0.628726 0.693897 0.077082 0.160011 0.240493
0 0.606775 0.823057 0.042784 0.054671 0.218764
1 0.761285 0.799615 0.419301 0.047604 0.178376
2 0.186342 0.951878 0.372259 0.096244 0.104929
1 0.075406 0.982960 0.150811 0.033767 0.100158
1 0.080039 0.977089 0.160077 0.045710 0.060598
1 0.382196 0.604581 0.189093 0.031155 0.057473
1 0.634919 0.799545 0.167428 0.028162 0.054493
