1 0.284239 0.883767 0.568478 0.093911 0.607177
0 0.106669 0.807441 0.093641 0.087557 0.495132
0 0.153049 0.672029 0.069123 0.058602 0.484121
1 0.379601 0.779586 0.267462 0.040837 0.355309
1 0.331513 0.716823 0.102048 0.026056 0.302036
0 0.122144 0.753183 0.064510 0.038053 0.157334
0 0.162445 0.667833 0.087484 0.064024 0.155877
1 0.190799 0.704053 0.055529 0.020248 0.142312
1 0.391417 0.784317 0.267614 0.026438 0.121738
0 0.118470 0.786560 0.071758 0.078171 0.118467
0 0.143700 0.679261 0.051482 0.046948 0.091558
0 0.173517 0.660963 0.102401 0.076264 0.081839
0 0.109572 0.788413 0.090755 0.120332 0.071315
0 0.080466 0.825865 0.044770 0.050294 0.071293
0 0.122610 0.777751 0.063565 0.051508 0.069329
1 0.366117 0.716771 0.200951 0.027531 0.067549
1 0.194139 0.705423 0.071668 0.021686 0.065128
0 0.120460 0.746628 0.063262 0.040309 0.059851
1 0.317143 0.787194 0.404017 0.055160 0.059839
0 0.167094 0.659948 0.087303 0.055189 0.057934
1 0.313295 0.771659 0.101938 0.030043 0.051307
