2 0.904729 0.846452 0.189927 0.148950 0.415310
2 0.313259 0.851541 0.608459 0.283315 0.261842
3 0.156118 0.697883 0.304197 0.092214 0.161899
3 0.237808 0.675567 0.156277 0.053354 0.148047
2 0.897404 0.822315 0.203754 0.191241 0.116602
2 0.452022 0.824556 0.307448 0.206924 0.108399
2 0.860221 0.818063 0.277877 0.211466 0.102622
3 0.665640 0.642575 0.399486 0.062206 0.082076
2 0.413901 0.829372 0.405936 0.244685 0.076211
2 0.810443 0.729226 0.140016 0.105881 0.073895
4 0.660200 0.640919 0.377680 0.058461 0.056130
2 0.786903 0.721720 0.230365 0.116372 0.055910
3 0.108398 0.716120 0.216796 0.081474 0.055886
