3 0.636751 0.564278 0.726498 0.871445 0.974732
2 0.754048 0.176345 0.491517 0.352690 0.897761
2 0.917646 0.480298 0.163429 0.231381 0.563907
0 0.276199 0.060536 0.050834 0.069931 0.442738
0 0.141524 0.900565 0.100163 0.198871 0.101301
0 0.214281 0.957917 0.114722 0.084167 0.084125
0 0.275071 0.051316 0.063509 0.088561 0.080552
2 0.924709 0.543304 0.150270 0.306370 0.075463
2 0.927057 0.535620 0.145887 0.209849 0.074143
3 0.921643 0.680623 0.153460 0.636412 0.073578
2 0.948080 0.523842 0.103840 0.122657 0.053106
