1 0.436454 0.877869 0.294732 0.244261 0.498278
0 0.437886 0.876502 0.291059 0.246995 0.433233
1 0.430778 0.678513 0.201273 0.053885 0.381247
1 0.771700 0.713891 0.114564 0.047169 0.334534
0 0.499069 0.848471 0.421871 0.302042 0.328476
0 0.020968 0.868731 0.041858 0.187681 0.326211
0 0.529578 0.821145 0.110400 0.141010 0.169798
1 0.544913 0.732092 0.351785 0.072461 0.146985
0 0.020406 0.841821 0.040812 0.120184 0.121841
0 0.014753 0.887056 0.029353 0.153513 0.092845
1 0.559564 0.763532 0.336841 0.143152 0.062376
1 0.415222 0.681788 0.165595 0.045210 0.052135
