1 0.312046 0.762662 0.610808 0.095759 0.583555
0 0.323606 0.814209 0.048733 0.102080 0.495160
1 0.485887 0.748325 0.255482 0.062545 0.370712
0 0.103633 0.726269 0.207042 0.187211 0.362167
0 0.368929 0.664411 0.073726 0.120158 0.281296
1 0.147929 0.787392 0.270901 0.053789 0.265616
1 0.334753 0.750118 0.563278 0.076586 0.222417
0 0.101556 0.772652 0.203059 0.274532 0.193319
0 0.302318 0.875618 0.090427 0.239305 0.166552
0 0.348051 0.688157 0.028577 0.075314 0.126252
0 0.336751 0.778614 0.114106 0.335480 0.107925
1 0.143302 0.789318 0.286604 0.079307 0.056582
1 0.424857 0.970455 0.315485 0.058822 0.055846
0 0.350362 0.737278 0.106489 0.265761 0.055228
