0 0.627658 0.750094 0.073378 0.084739 0.699570
4 0.281930 0.732471 0.043707 0.036584 0.612555
1 0.901019 0.867514 0.197535 0.175519 0.579226
1 0.539801 0.703574 0.098857 0.022620 0.541223
0 0.900608 0.869141 0.198784 0.168519 0.303195
4 0.267150 0.775540 0.038578 0.037296 0.258773
1 0.900872 0.828314 0.196988 0.241752 0.120625
4 0.278146 0.741323 0.050733 0.058591 0.105809
0 0.903546 0.807788 0.192442 0.284860 0.090645
4 0.463878 0.958808 0.058546 0.082298 0.087049
1 0.112161 0.798047 0.144183 0.027324 0.083249
4 0.274480 0.751239 0.057188 0.087116 0.070146
4 0.271610 0.770999 0.049894 0.044448 0.063054
