1 0.158110 0.726760 0.313411 0.042495 0.530993
3 0.011419 0.679867 0.022456 0.017864 0.457163
3 0.366678 0.653257 0.054772 0.014658 0.406561
2 0.110034 0.866404 0.174005 0.042292 0.389497
4 0.019993 0.873877 0.039985 0.045499 0.313260
2 0.102037 0.865469 0.195029 0.057005 0.187445
1 0.552396 0.831280 0.175026 0.026880 0.183295
1 0.115512 0.826285 0.068427 0.021036 0.183104
3 0.011748 0.676945 0.022872 0.025694 0.068748
3 0.012020 0.681940 0.023773 0.030191 0.059657
2 0.097368 0.897551 0.194222 0.169178 0.058631
0 0.019871 0.947294 0.039730 0.103712 0.057318
2 0.100827 0.856833 0.198491 0.080159 0.055413
