2 0.661128 0.838358 0.141329 0.083473 0.452328
4 0.498554 0.751153 0.154939 0.071153 0.446719
4 0.733067 0.617849 0.061999 0.033293 0.418202
4 0.503557 0.741651 0.143781 0.057844 0.368378
4 0.660448 0.838922 0.138354 0.083519 0.311153
0 0.854058 0.670361 0.100607 0.091744 0.295275
4 0.613559 0.636376 0.073504 0.044885 0.285390
4 0.802127 0.754690 0.380067 0.104454 0.267672
4 0.231220 0.633581 0.154583 0.052511 0.253629
4 0.278926 0.683809 0.202553 0.065725 0.131838
2 0.676933 0.701081 0.106309 0.156811 0.128478
4 0.673931 0.701166 0.111902 0.157438 0.116412
4 0.560071 0.691425 0.118177 0.050495 0.113301
4 0.705915 0.575780 0.152436 0.042963 0.112989
4 0.082129 0.713066 0.164258 0.083402 0.111624
4 0.827887 0.755283 0.200520 0.087397 0.102318
4 0.955647 0.786009 0.088472 0.057025 0.086548
4 0.858483 0.678817 0.101501 0.080002 0.086165
4 0.709771 0.753497 0.180965 0.072230 0.085401
4 0.202809 0.818360 0.405619 0.340773 0.074039
4 0.551183 0.696270 0.101138 0.039393 0.073624
4 0.723513 0.575928 0.119139 0.037910 0.069545
4 0.690752 0.665322 0.058920 0.072421 0.065591
4 0.252250 0.634196 0.218877 0.057662 0.061666
0 0.853985 0.822025 0.033678 0.069571 0.059543
4 0.059243 0.922443 0.118464 0.152464 0.059178
4 0.901801 0.706496 0.092941 0.071083 0.050544
