0 0.516399 0.699714 0.099867 0.182692 0.522660
4 0.371707 0.664671 0.169430 0.078503 0.354560
4 0.840358 0.738811 0.274850 0.164726 0.328578
4 0.508406 0.563865 0.089911 0.056823 0.281185
4 0.599765 0.614312 0.078450 0.041901 0.144431
4 0.624866 0.611587 0.130645 0.049349 0.137244
4 0.817796 0.738243 0.352811 0.190708 0.131922
0 0.527650 0.685316 0.084878 0.163431 0.120220
4 0.677257 0.774676 0.196980 0.076310 0.109934
4 0.496136 0.569397 0.108624 0.048391 0.080645
4 0.767570 0.750607 0.428816 0.143989 0.075336
4 0.478848 0.569836 0.128159 0.054656 0.074998
4 0.740990 0.741881 0.508529 0.182568 0.074977
4 0.641651 0.606414 0.113047 0.064231 0.074770
4 0.390259 0.656067 0.132237 0.076075 0.074466
4 0.634851 0.752311 0.725241 0.162396 0.070848
4 0.603847 0.610405 0.096272 0.052868 0.057730
