0 0.141754 0.660046 0.062245 0.061703 0.446877
1 0.508942 0.727252 0.250221 0.048419 0.348272
0 0.863171 0.687598 0.273211 0.192573 0.245552
3 0.429499 0.532578 0.084964 0.017972 0.212357
1 0.472498 0.665466 0.588567 0.052960 0.188622
3 0.441748 0.507015 0.069133 0.016527 0.181019
1 0.308465 0.614800 0.164744 0.030078 0.139539
1 0.497138 0.720143 0.276127 0.064190 0.120062
1 0.156331 0.701927 0.309585 0.038774 0.118877
3 0.132676 0.547749 0.264819 0.144589 0.118206
1 0.959631 0.695071 0.080738 0.031427 0.116563
1 0.851720 0.690053 0.296560 0.041582 0.089212
1 0.324404 0.696305 0.633898 0.110419 0.082960
1 0.381392 0.712697 0.514495 0.083888 0.076865
1 0.676800 0.675249 0.609041 0.069103 0.074026
0 0.395778 0.607343 0.027612 0.028459 0.071558
2 0.502718 0.677991 0.983430 0.143203 0.066407
1 0.490464 0.692990 0.963466 0.117613 0.065628
1 0.259338 0.702346 0.518676 0.046353 0.061681
1 0.457490 0.717038 0.356671 0.071180 0.060368
1 0.410390 0.700287 0.516910 0.103096 0.050181
