3 0.620294 0.859920 0.197718 0.278788 0.503021
0 0.573360 0.926333 0.071029 0.147334 0.261648
0 0.588186 0.930544 0.105659 0.138913 0.250266
2 0.389003 0.671510 0.317034 0.068676 0.186753
2 0.363766 0.663461 0.361542 0.088762 0.175686
2 0.367067 0.676739 0.348695 0.052097 0.146036
0 0.458653 0.622419 0.037093 0.097734 0.135250
0 0.480349 0.641383 0.099885 0.132437 0.096363
2 0.401130 0.650530 0.292397 0.114271 0.076936
0 0.615772 0.928087 0.162405 0.143826 0.069345
3 0.423235 0.839124 0.666460 0.151174 0.062297
3 0.418617 0.825971 0.767750 0.085502 0.054097
0 0.570677 0.925548 0.100587 0.148904 0.052185
