0 0.051919 0.815081 0.103212 0.309202 0.585846
2 0.314605 0.815544 0.196144 0.121889 0.473241
2 0.203496 0.816866 0.404302 0.339669 0.450742
0 0.204374 0.716621 0.036876 0.258787 0.307932
1 0.128961 0.772604 0.153753 0.038550 0.247103
1 0.294725 0.675829 0.187122 0.035478 0.217252
1 0.295274 0.686073 0.172714 0.052761 0.090792
1 0.106724 0.781878 0.200275 0.057246 0.087422
2 0.072053 0.812656 0.144106 0.319496 0.086053
1 0.108696 0.770003 0.205003 0.050648 0.069629
0 0.203223 0.709053 0.054597 0.274623 0.067018
1 0.260401 0.713992 0.112317 0.036958 0.053690
