0 0.483303 0.744532 0.110336 0.108822 0.754810
0 0.500096 0.903673 0.072128 0.184315 0.699272
0 0.406415 0.844309 0.064546 0.120910 0.439232
0 0.189911 0.655798 0.054424 0.055784 0.318229
0 0.342773 0.599261 0.020195 0.043663 0.219953
0 0.404301 0.868831 0.069489 0.163068 0.208971
0 0.402834 0.862428 0.062039 0.089135 0.205539
0 0.137334 0.823384 0.069495 0.071048 0.163831
0 0.210781 0.639943 0.091083 0.080479 0.150392
0 0.399856 0.897270 0.076168 0.196719 0.141139
0 0.473572 0.736903 0.089095 0.096294 0.120282
0 0.253529 0.602640 0.045395 0.037100 0.110265
0 0.356512 0.549287 0.011573 0.029828 0.098238
0 0.201958 0.649517 0.079778 0.067634 0.097412
0 0.519768 0.780548 0.041737 0.043842 0.096738
0 0.530705 0.980962 0.013008 0.033310 0.096333
0 0.226435 0.629932 0.099560 0.090530 0.094224
0 0.258413 0.599518 0.056126 0.045434 0.089728
0 0.047952 0.765510 0.081875 0.064554 0.088849
0 0.044742 0.782008 0.087970 0.095914 0.086839
0 0.342721 0.593341 0.022291 0.045131 0.086508
0 0.403064 0.706263 0.011281 0.092745 0.085203
0 0.340577 0.603893 0.023707 0.047803 0.078896
0 0.403369 0.694144 0.010940 0.068333 0.066104
0 0.246605 0.608252 0.061303 0.049762 0.066071
0 0.056590 0.760516 0.064168 0.052906 0.063430
0 0.229562 0.623498 0.068857 0.054706 0.062203
0 0.382934 0.914402 0.043685 0.161908 0.062147
0 0.439470 0.625270 0.019112 0.033735 0.060861
0 0.514373 0.776816 0.051737 0.047995 0.056837
0 0.434863 0.619565 0.019401 0.037255 0.056313
0 0.249253 0.609750 0.044618 0.036474 0.056050
0 0.358153 0.542944 0.015838 0.034102 0.055147
0 0.025613 0.816888 0.051227 0.050276 0.054853
0 0.244837 0.613932 0.034369 0.026798 0.052241
0 0.436209 0.961397 0.017142 0.072815 0.051349
0 0.267096 0.590468 0.058074 0.045640 0.050898
0 0.029421 0.807778 0.058843 0.061746 0.050239
