4 0.453136 0.806933 0.094121 0.043390 0.723758
2 0.303907 0.859465 0.188497 0.192763 0.212750
2 0.370243 0.886322 0.564936 0.227356 0.188288
0 0.455545 0.915622 0.102611 0.145141 0.151151
2 0.232060 0.881712 0.332566 0.236575 0.145840
4 0.458813 0.906784 0.095697 0.136864 0.121086
2 0.608757 0.839948 0.168158 0.080471 0.118579
3 0.869217 0.897840 0.260433 0.204321 0.093897
2 0.644603 0.840687 0.236741 0.082438 0.065911
2 0.368098 0.915787 0.288956 0.168427 0.053297
2 0.584300 0.839692 0.110343 0.070346 0.052152
