0 0.391576 0.749481 0.025722 0.067667 0.718140
0 0.114493 0.725866 0.076096 0.084679 0.669809
1 0.327178 0.685015 0.367203 0.037419 0.561771
0 0.462280 0.944499 0.044667 0.110292 0.540907
1 0.316528 0.861095 0.486571 0.219348 0.442755
0 0.320840 0.859405 0.477358 0.221129 0.436240
1 0.067734 0.894218 0.135385 0.050772 0.297441
1 0.069101 0.885688 0.138202 0.077919 0.107531
1 0.066621 0.885218 0.133201 0.046570 0.069877
0 0.479681 0.943196 0.081609 0.113608 0.066471
1 0.970944 0.810572 0.057906 0.058610 0.053882
