4 0.724499 0.834730 0.145284 0.083754 0.672708
4 0.729528 0.937752 0.247538 0.121261 0.643161
2 0.490327 0.833836 0.980129 0.332328 0.518541
4 0.787851 0.679346 0.127708 0.049218 0.388696
2 0.455777 0.881620 0.911552 0.236760 0.316178
4 0.628529 0.957827 0.071464 0.043597 0.165632
1 0.901807 0.852690 0.196386 0.077058 0.126743
4 0.757144 0.685096 0.064948 0.035365 0.120646
4 0.745159 0.948764 0.209298 0.102473 0.101982
2 0.357738 0.792313 0.715413 0.415342 0.100188
2 0.216110 0.782956 0.432220 0.430127 0.076778
4 0.806676 0.674498 0.164842 0.064495 0.064902
