3 0.757758 0.706746 0.483489 0.494170 0.843281
3 0.179506 0.652579 0.359012 0.408217 0.758936
0 0.253147 0.748716 0.089434 0.140192 0.537586
0 0.450231 0.583654 0.062337 0.124129 0.501541
1 0.097520 0.582160 0.184719 0.039841 0.493643
0 0.345782 0.567868 0.042167 0.095116 0.447489
1 0.569923 0.612571 0.168114 0.030485 0.325913
0 0.268400 0.741796 0.055788 0.126728 0.325176
0 0.479305 0.918276 0.072359 0.101146 0.241904
0 0.341303 0.568762 0.060774 0.097231 0.192393
0 0.493131 0.921360 0.105967 0.110809 0.112052
0 0.245719 0.754269 0.112200 0.159989 0.078263
