0 0.453749 0.903529 0.032557 0.165876 0.496965
0 0.408862 0.938402 0.020049 0.109917 0.247543
0 0.309400 0.657165 0.027916 0.053326 0.198261
0 0.566049 0.893846 0.068547 0.150963 0.196340
0 0.142199 0.957490 0.059487 0.072281 0.184413
2 0.551981 0.904592 0.111786 0.177142 0.162713
0 0.408408 0.916634 0.021822 0.155218 0.147207
0 0.312465 0.652829 0.024128 0.050111 0.126801
0 0.519122 0.910150 0.050914 0.171994 0.125215
0 0.577374 0.899450 0.054059 0.164778 0.111584
0 0.564740 0.903350 0.086127 0.175099 0.105015
0 0.126039 0.958723 0.094261 0.072633 0.095771
0 0.547018 0.903170 0.050227 0.173704 0.093161
0 0.529686 0.907295 0.046006 0.174433 0.071014
0 0.028333 0.931248 0.056667 0.079126 0.070528
0 0.541297 0.860738 0.018368 0.084089 0.068985
0 0.307011 0.657485 0.036512 0.060101 0.068179
0 0.455936 0.920789 0.027837 0.139255 0.064586
0 0.576796 0.911975 0.043565 0.114815 0.060600
0 0.404857 0.911841 0.033647 0.169336 0.054648
0 0.411601 0.909290 0.031968 0.170099 0.052753
