0 0.272922 0.851502 0.154725 0.294805 0.745429
0 0.055945 0.869338 0.111848 0.172405 0.669910
0 0.470510 0.728912 0.075355 0.293318 0.623882
1 0.245963 0.696198 0.491926 0.065352 0.605469
0 0.869287 0.715334 0.259529 0.134046 0.542325
0 0.450207 0.646356 0.037957 0.125746 0.442846
0 0.485597 0.794755 0.055591 0.159692 0.377250
0 0.357692 0.619473 0.042240 0.096404 0.256213
0 0.355102 0.628597 0.034812 0.082066 0.201187
0 0.869688 0.748357 0.260601 0.207557 0.183984
1 0.320450 0.697693 0.523941 0.054524 0.167230
0 0.316166 0.604117 0.031818 0.049307 0.129246
