1 0.353350 0.786826 0.434275 0.078090 0.661774
1 0.876484 0.888649 0.238959 0.055618 0.578704
2 0.467773 0.802122 0.660525 0.324841 0.214967
2 0.661203 0.815774 0.255223 0.300236 0.132769
1 0.334285 0.601940 0.174706 0.030408 0.123107
2 0.963710 0.821647 0.072523 0.092384 0.122057
1 0.870089 0.657819 0.175232 0.035468 0.114762
1 0.879812 0.660073 0.211829 0.042689 0.110477
2 0.575417 0.810063 0.440749 0.307182 0.102644
0 0.667814 0.819535 0.216034 0.290361 0.086769
2 0.962253 0.842869 0.075494 0.134183 0.081444
2 0.955649 0.811798 0.088530 0.077222 0.068478
2 0.954971 0.825743 0.090053 0.110500 0.062941
1 0.616870 0.610007 0.202143 0.060686 0.053199
