1 0.217893 0.909710 0.167346 0.029684 0.511189
1 0.741164 0.657641 0.215301 0.045973 0.324414
1 0.936610 0.708805 0.125958 0.029003 0.269683
0 0.400731 0.838939 0.105489 0.315500 0.182780
1 0.898031 0.709337 0.201956 0.031536 0.181827
2 0.095578 0.895838 0.188662 0.142683 0.179120
0 0.414587 0.783640 0.082855 0.215302 0.177680
2 0.148654 0.829687 0.292168 0.273891 0.129522
0 0.153121 0.826940 0.296665 0.271947 0.094950
1 0.915498 0.709010 0.168771 0.040927 0.072178
0 0.422548 0.758842 0.094472 0.282015 0.070144
0 0.409762 0.811035 0.128631 0.370789 0.057750
