4 0.317042 0.875301 0.101230 0.054392 0.781064
4 0.304082 0.973752 0.144981 0.052497 0.736346
2 0.698965 0.879686 0.384096 0.240456 0.673496
4 0.378990 0.657368 0.086676 0.071195 0.669420
1 0.894347 0.730501 0.109498 0.022671 0.169330
1 0.464802 0.954492 0.192091 0.035338 0.147685
4 0.379973 0.610548 0.055315 0.026496 0.100277
4 0.389807 0.990292 0.052734 0.019416 0.099365
4 0.411615 0.802406 0.033700 0.028580 0.072483
1 0.451038 0.954129 0.174923 0.028513 0.069724
4 0.386712 0.685303 0.044250 0.023688 0.062324
2 0.478684 0.655516 0.143773 0.090093 0.060227
