0 0.164490 0.922671 0.076258 0.146144 0.877627
0 0.431269 0.569901 0.015766 0.059584 0.411958
1 0.345703 0.859394 0.305930 0.038630 0.369134
0 0.425931 0.673227 0.021732 0.093074 0.315387
1 0.102689 0.857824 0.202846 0.045451 0.287840
0 0.320468 0.595727 0.046004 0.027333 0.257614
0 0.427975 0.655640 0.016416 0.054170 0.257420
0 0.430947 0.579372 0.013701 0.051281 0.219494
4 0.263425 0.773152 0.020641 0.024784 0.187714
1 0.375511 0.863155 0.355947 0.042585 0.142673
1 0.171728 0.845058 0.065738 0.012552 0.131062
0 0.324239 0.591236 0.052537 0.035057 0.130475
0 0.238659 0.803313 0.060712 0.078965 0.125190
1 0.379164 0.854335 0.359905 0.046540 0.123374
0 0.228885 0.810244 0.042268 0.062363 0.114184
1 0.100761 0.867027 0.201522 0.065216 0.106208
0 0.253986 0.771424 0.086398 0.140332 0.098655
1 0.233491 0.685660 0.039639 0.014350 0.097345
0 0.429027 0.685879 0.022690 0.116105 0.088510
0 0.223705 0.814080 0.031791 0.054076 0.079312
0 0.433790 0.564512 0.015795 0.064180 0.072056
0 0.261793 0.750493 0.103123 0.177461 0.062006
0 0.275199 0.733493 0.130302 0.210164 0.060973
0 0.178048 0.690537 0.051896 0.044011 0.059114
0 0.340253 0.640722 0.017986 0.034525 0.055322
0 0.356908 0.601633 0.023701 0.030203 0.054716
0 0.343939 0.625894 0.021269 0.059443 0.052473
1 0.107539 0.848781 0.192593 0.022736 0.052328
