4 0.241176 0.839922 0.482259 0.317495 0.549185
4 0.308880 0.815252 0.613558 0.368035 0.405467
4 0.784732 0.707888 0.047916 0.033273 0.346919
4 0.639395 0.809071 0.279937 0.158863 0.300486
4 0.074543 0.674091 0.149085 0.084800 0.170828
4 0.287825 0.621216 0.108311 0.046890 0.080505
4 0.178171 0.662050 0.063446 0.033329 0.065623
4 0.174070 0.660005 0.077931 0.041167 0.060852
4 0.099635 0.668508 0.197971 0.089548 0.056201
4 0.613493 0.667377 0.118253 0.059425 0.051996
4 0.075511 0.692986 0.151021 0.114868 0.050974
