0 0.285440 0.870666 0.219586 0.221308 0.831105
3 0.500402 0.627286 0.079909 0.023337 0.682834
0 0.457710 0.701063 0.038182 0.095997 0.666024
3 0.201606 0.775876 0.397021 0.412730 0.661688
0 0.551407 0.702721 0.063063 0.145987 0.531118
0 0.559365 0.691147 0.042382 0.121680 0.445372
0 0.776235 0.834225 0.070136 0.102580 0.416452
3 0.860578 0.939053 0.147633 0.121895 0.347186
0 0.465641 0.948978 0.046550 0.102043 0.331079
0 0.947770 0.710629 0.104459 0.119819 0.284231
0 0.948399 0.693705 0.103202 0.077432 0.255625
3 0.642773 0.605678 0.066957 0.089037 0.232373
0 0.456226 0.949963 0.066390 0.100074 0.190737
3 0.893990 0.939242 0.212020 0.121517 0.152630
0 0.948730 0.743133 0.102450 0.184440 0.146844
