2 0.217167 0.583503 0.434082 0.827058 0.834350
2 0.855522 0.519302 0.288957 0.951478 0.547654
3 0.151300 0.319382 0.301392 0.465084 0.240232
2 0.820130 0.381246 0.359741 0.649861 0.210533
3 0.458165 0.023679 0.186368 0.047358 0.205390
3 0.821142 0.151676 0.357716 0.302787 0.172554
2 0.791006 0.181639 0.416843 0.243103 0.131727
3 0.452450 0.018855 0.159804 0.036393 0.120923
3 0.788692 0.119729 0.422617 0.239458 0.116297
3 0.859403 0.182656 0.281195 0.361411 0.104061
2 0.797588 0.302098 0.404334 0.485296 0.078762
3 0.447096 0.014846 0.130337 0.028916 0.077986
3 0.509857 0.023665 0.294564 0.047331 0.068938
4 0.661337 0.122080 0.076178 0.041618 0.063701
3 0.577542 0.019945 0.424715 0.039777 0.059657
3 0.892657 0.152486 0.213499 0.252382 0.057473
2 0.798900 0.487045 0.401621 0.853799 0.054948
