1 0.581458 0.860700 0.169552 0.051629 0.743848
1 0.418546 0.686457 0.153892 0.036599 0.475129
0 0.139016 0.882510 0.275709 0.148007 0.450801
0 0.366192 0.812467 0.128814 0.367744 0.384163
1 0.897876 0.914194 0.150599 0.169900 0.366456
0 0.351021 0.747638 0.093278 0.226576 0.348627
0 0.110835 0.804503 0.153024 0.301535 0.329332
2 0.224792 0.805002 0.448489 0.324417 0.248912
2 0.131845 0.813187 0.261757 0.300528 0.190151
2 0.136810 0.863372 0.273458 0.198158 0.176531
0 0.145575 0.816647 0.270496 0.283475 0.119913
0 0.363371 0.760162 0.118157 0.263647 0.102720
1 0.862953 0.937869 0.079201 0.123187 0.063842
0 0.406790 0.935685 0.045054 0.127838 0.061057
0 0.219155 0.812893 0.432081 0.354086 0.060078
1 0.049283 0.810971 0.098150 0.032582 0.053226
