1 0.480138 0.753269 0.259109 0.048614 0.639575
2 0.278609 0.888107 0.443382 0.223128 0.580575
3 0.799903 0.849351 0.257474 0.301299 0.518681
0 0.394119 0.591371 0.077503 0.135537 0.385396
0 0.374339 0.624992 0.037100 0.067301 0.368003
3 0.172867 0.651729 0.345733 0.291656 0.297903
2 0.120038 0.708854 0.240076 0.203508 0.226389
0 0.414557 0.560407 0.033539 0.077362 0.213082
3 0.777972 0.806355 0.313258 0.385432 0.086613
1 0.381025 0.820291 0.266409 0.058072 0.065573
2 0.145365 0.678867 0.269573 0.217613 0.059507
0 0.387949 0.604573 0.069326 0.110110 0.055276
2 0.090913 0.732518 0.181826 0.182788 0.051749
