0 0.168798 0.794760 0.176264 0.319712 0.731454
0 0.340317 0.740768 0.062275 0.247021 0.727863
0 0.541351 0.788867 0.065181 0.072611 0.446076
1 0.256358 0.761956 0.131089 0.027913 0.348756
1 0.050701 0.930782 0.098769 0.080912 0.294717
0 0.050142 0.927905 0.097791 0.076030 0.204619
1 0.511187 0.748456 0.165373 0.038241 0.189234
1 0.543685 0.741605 0.229466 0.052747 0.130137
1 0.129328 0.687360 0.145459 0.026221 0.122856
0 0.063986 0.890782 0.124479 0.148323 0.096939
0 0.086945 0.852889 0.085400 0.075558 0.087389
0 0.132983 0.802687 0.245651 0.337399 0.064287
1 0.262975 0.755681 0.138078 0.040720 0.058277
