4 0.557157 0.952549 0.238097 0.089024 0.468585
4 0.438931 0.905689 0.083861 0.043105 0.259393
2 0.523463 0.893279 0.915695 0.213441 0.258658
4 0.444150 0.906362 0.067115 0.037259 0.223168
2 0.233034 0.877689 0.338985 0.243450 0.156352
4 0.817762 0.982603 0.246524 0.034014 0.114790
4 0.766234 0.986707 0.120582 0.026586 0.111520
4 0.880327 0.982468 0.168725 0.034446 0.096758
4 0.789050 0.984211 0.170104 0.030440 0.095123
4 0.836497 0.978823 0.294426 0.042353 0.079472
4 0.540673 0.933392 0.279138 0.125815 0.073323
2 0.316821 0.874042 0.504998 0.251587 0.073261
2 0.533206 0.932974 0.906871 0.133413 0.067747
4 0.699785 0.953631 0.539331 0.092737 0.052188
4 0.566010 0.961759 0.205013 0.072299 0.052029
