0 0.849105 0.935806 0.139427 0.128389 0.822518
0 0.650074 0.829292 0.260060 0.341416 0.808142
0 0.344263 0.925754 0.073606 0.147415 0.621650
1 0.381744 0.794802 0.287628 0.047907 0.403526
1 0.091718 0.823598 0.183436 0.037804 0.315729
0 0.326469 0.925100 0.108634 0.149800 0.179833
1 0.271718 0.801596 0.543435 0.089379 0.151443
0 0.716730 0.677640 0.211926 0.126920 0.145354
1 0.374309 0.795821 0.274778 0.032237 0.139885
1 0.269036 0.810391 0.538072 0.063082 0.137046
0 0.302316 0.786048 0.078402 0.225455 0.136582
0 0.490420 0.804909 0.062599 0.099045 0.071253
0 0.673912 0.789654 0.032180 0.042417 0.070662
1 0.381976 0.805073 0.297482 0.080805 0.070422
0 0.278966 0.787461 0.136273 0.222402 0.063174
1 0.215016 0.807769 0.429125 0.074474 0.060287
