0 0.099777 0.879002 0.116085 0.190020 0.538611
0 0.188283 0.827971 0.077664 0.161490 0.490272
0 0.080931 0.681301 0.160791 0.146967 0.366087
0 0.192204 0.794684 0.083547 0.228677 0.335471
1 0.132591 0.715181 0.137954 0.028556 0.263052
0 0.082447 0.710563 0.164887 0.205359 0.253858
0 0.090081 0.664024 0.144105 0.111143 0.223058
0 0.493984 0.753621 0.173045 0.228477 0.186984
0 0.137303 0.826622 0.192316 0.292896 0.145255
0 0.106220 0.852750 0.131567 0.244645 0.109834
0 0.513946 0.779387 0.132945 0.180205 0.068719
0 0.151673 0.818256 0.161200 0.243316 0.058932
2 0.141341 0.831906 0.197705 0.289318 0.054314
0 0.547052 0.829555 0.075605 0.085487 0.054006
