0 0.076960 0.897486 0.151497 0.192393 0.670514
0 0.278543 0.655635 0.084401 0.091008 0.622440
0 0.051999 0.818194 0.103997 0.096370 0.402738
2 0.364440 0.597668 0.060047 0.060562 0.312980
0 0.049276 0.836448 0.098297 0.124160 0.287411
2 0.435562 0.596786 0.034040 0.102897 0.271403
2 0.433783 0.598322 0.028808 0.084464 0.192331
0 0.249153 0.691460 0.139547 0.157572 0.178242
0 0.492221 0.884642 0.098662 0.216949 0.169365
2 0.361322 0.601487 0.052477 0.047091 0.169303
0 0.209387 0.735175 0.063199 0.071160 0.125443
0 0.227717 0.894070 0.076098 0.181563 0.121496
0 0.251004 0.848472 0.119944 0.263320 0.121369
0 0.237691 0.881522 0.091271 0.213523 0.084704
0 0.059036 0.817308 0.118073 0.130834 0.082151
0 0.039985 0.829706 0.079969 0.084961 0.081868
0 0.227919 0.727194 0.101919 0.087266 0.074221
0 0.306170 0.600193 0.031427 0.020922 0.066364
0 0.456151 0.659273 0.015441 0.042544 0.063416
1 0.425232 0.775157 0.149077 0.021802 0.063389
1 0.436016 0.775655 0.111536 0.018612 0.061113
0 0.034422 0.850602 0.068843 0.114469 0.056374
2 0.429895 0.602521 0.027164 0.060734 0.052987
0 0.040790 0.856891 0.081580 0.138616 0.052792
0 0.468447 0.830720 0.053322 0.099636 0.050997
