2 0.692280 0.809016 0.613655 0.373515 0.686956
4 0.587634 0.658747 0.104232 0.034008 0.346735
2 0.260731 0.650406 0.324550 0.136266 0.189751
1 0.284039 0.940474 0.568078 0.052040 0.188161
1 0.393085 0.944387 0.361539 0.048675 0.110649
2 0.207882 0.675863 0.405725 0.186490 0.108506
0 0.094527 0.802801 0.068079 0.047639 0.091771
4 0.593205 0.624000 0.047455 0.023105 0.088851
3 0.593738 0.624382 0.045326 0.021799 0.081195
1 0.176650 0.938407 0.353154 0.046506 0.078944
2 0.529600 0.696609 0.901988 0.205522 0.077593
2 0.494184 0.785182 0.983937 0.381236 0.069585
1 0.352032 0.941337 0.316496 0.040771 0.057375
0 0.089366 0.805904 0.086677 0.057974 0.057086
0 0.057355 0.878166 0.114711 0.105605 0.057036
