0 0.640446 0.769180 0.589640 0.367250 0.630218
0 0.034747 0.661592 0.064189 0.092286 0.619492
2 0.414130 0.757440 0.272174 0.293478 0.513151
0 0.413552 0.757349 0.266320 0.295378 0.363783
0 0.497244 0.806029 0.428369 0.380868 0.339991
0 0.021521 0.601193 0.043006 0.065020 0.124716
0 0.030936 0.770804 0.061872 0.306090 0.124191
0 0.020859 0.628618 0.041718 0.115545 0.085472
0 0.023463 0.660245 0.046926 0.177810 0.071103
0 0.027314 0.695075 0.054604 0.221641 0.063920
0 0.021067 0.592055 0.041143 0.049256 0.059960
