3 0.962216 0.910733 0.075567 0.048824 0.759629
2 0.450981 0.902721 0.900794 0.194558 0.612864
3 0.613968 0.799236 0.041820 0.017752 0.411073
4 0.394492 0.841303 0.062518 0.033327 0.253022
3 0.969403 0.846038 0.060828 0.037410 0.204384
3 0.704202 0.813222 0.042753 0.019664 0.157075
4 0.442917 0.872562 0.181774 0.122834 0.102895
3 0.450687 0.706390 0.089914 0.190812 0.089704
2 0.525870 0.678552 0.195491 0.112400 0.064429
3 0.655022 0.730876 0.525261 0.111221 0.059338
2 0.500758 0.670555 0.232631 0.131380 0.057302
1 0.770424 0.972324 0.283028 0.050208 0.052865
