0 0.950951 0.911917 0.098097 0.106746 0.393692
0 0.691180 0.826018 0.386490 0.347311 0.341934
0 0.950880 0.895527 0.098240 0.070648 0.334410
0 0.436870 0.713969 0.085534 0.068277 0.284841
2 0.648332 0.831496 0.492702 0.334657 0.257545
1 0.128845 0.654043 0.229564 0.036043 0.148009
0 0.698501 0.719927 0.154920 0.105546 0.118091
0 0.504266 0.753528 0.238613 0.163398 0.092000
1 0.164325 0.665931 0.293710 0.057272 0.081658
2 0.715909 0.839796 0.362193 0.319736 0.077700
1 0.337431 0.731013 0.505564 0.184033 0.072395
0 0.689919 0.834791 0.284859 0.328082 0.064886
1 0.526625 0.797036 0.207147 0.068963 0.064397
0 0.712894 0.731322 0.139290 0.095953 0.052645
1 0.198186 0.678864 0.221027 0.077271 0.051354
1 0.330625 0.708167 0.277805 0.128881 0.050115
