3 0.472089 0.789370 0.289941 0.151330 0.905414
3 0.739886 0.728226 0.393765 0.330304 0.788333
0 0.567925 0.906898 0.054403 0.106235 0.515167
3 0.156459 0.537526 0.311757 0.466858 0.443489
1 0.936901 0.796600 0.126198 0.046820 0.288412
3 0.777595 0.483970 0.444255 0.339098 0.239140
2 0.607508 0.743991 0.176497 0.089623 0.180741
3 0.468502 0.314598 0.052336 0.012945 0.139249
2 0.604373 0.773031 0.207747 0.167663 0.128630
1 0.932714 0.804993 0.134490 0.071125 0.114318
3 0.815635 0.530924 0.368730 0.327355 0.078157
2 0.581873 0.777550 0.263512 0.193094 0.072991
3 0.077967 0.652123 0.155899 0.360693 0.051759
