0 0.461499 0.928945 0.030413 0.137861 0.615432
0 0.368095 0.681603 0.037511 0.117482 0.515117
0 0.484465 0.765146 0.067653 0.223047 0.466755
0 0.334393 0.874697 0.050286 0.245181 0.460179
0 0.427927 0.791813 0.027686 0.072636 0.411865
0 0.346185 0.960098 0.030216 0.074845 0.331899
0 0.256111 0.764141 0.099139 0.173124 0.292999
0 0.365984 0.665920 0.031110 0.087378 0.284700
0 0.446076 0.733374 0.011523 0.069547 0.276868
0 0.432246 0.794138 0.020807 0.067872 0.257371
0 0.371047 0.584281 0.023970 0.037937 0.241705
0 0.367354 0.588025 0.027947 0.044965 0.241013
1 0.406217 0.598940 0.055193 0.041956 0.221806
0 0.455610 0.672917 0.011400 0.050779 0.208580
0 0.327273 0.841379 0.039029 0.158512 0.207570
0 0.445187 0.739432 0.009334 0.055926 0.203577
0 0.422707 0.789230 0.037034 0.076338 0.200715
0 0.373841 0.581050 0.024249 0.034014 0.186791
0 0.500770 0.828081 0.036779 0.112254 0.162300
0 0.344430 0.776050 0.022407 0.086011 0.154555
0 0.334183 0.912566 0.053130 0.170743 0.154122
0 0.277092 0.729432 0.138451 0.233673 0.135824
0 0.446948 0.728338 0.014696 0.083021 0.131452
0 0.469552 0.722206 0.036052 0.138201 0.126093
0 0.364880 0.593239 0.026589 0.040689 0.118909
0 0.316093 0.872658 0.017332 0.083805 0.118744
0 0.492215 0.806605 0.054591 0.155370 0.113414
0 0.341012 0.791264 0.014286 0.049012 0.110930
0 0.321713 0.871117 0.026690 0.088946 0.102736
2 0.455870 0.597133 0.024067 0.040573 0.098085
1 0.397371 0.750568 0.078463 0.070092 0.096434
0 0.411936 0.595772 0.063087 0.049478 0.092746
0 0.396554 0.552195 0.013440 0.022082 0.086275
2 0.446753 0.597450 0.034929 0.056891 0.085397
1 0.373751 0.729791 0.032937 0.030432 0.078540
0 0.465921 0.708875 0.030841 0.125597 0.078002
0 0.460829 0.710493 0.027302 0.116540 0.077962
1 0.398169 0.766636 0.080043 0.101609 0.077454
0 0.395880 0.725832 0.087216 0.197153 0.073401
0 0.439364 0.616911 0.023327 0.028542 0.070575
2 0.452549 0.590880 0.032520 0.047172 0.069287
0 0.444482 0.586468 0.020297 0.036379 0.067430
0 0.402187 0.550714 0.027609 0.025900 0.063027
0 0.478361 0.638393 0.017096 0.057648 0.058249
1 0.409912 0.603903 0.067166 0.051784 0.055753
1 0.415734 0.595610 0.070911 0.048401 0.054557
0 0.394799 0.592162 0.064698 0.046553 0.053238
0 0.458398 0.898112 0.029294 0.122756 0.051893
0 0.340667 0.952173 0.039412 0.091680 0.051039
