0 0.328645 0.697187 0.046090 0.060886 0.654169
0 0.460795 0.879304 0.029625 0.153257 0.554299
0 0.680168 0.965549 0.033987 0.065494 0.521659
0 0.461732 0.971377 0.021333 0.053099 0.343930
0 0.646173 0.914273 0.101128 0.164208 0.305574
0 0.368787 0.736849 0.039345 0.079145 0.247666
0 0.379635 0.638548 0.019007 0.091035 0.245926
0 0.364006 0.782898 0.047255 0.172153 0.212586
0 0.650749 0.934696 0.098716 0.121592 0.209499
0 0.392332 0.567172 0.013077 0.043341 0.204695
0 0.458015 0.869165 0.022390 0.130190 0.197633
0 0.364430 0.740939 0.031068 0.070855 0.184980
0 0.361819 0.774899 0.033407 0.140708 0.164797
0 0.380999 0.617003 0.026362 0.127419 0.152696
0 0.352634 0.813308 0.023355 0.112054 0.125042
0 0.375418 0.634848 0.027497 0.106908 0.120709
0 0.350773 0.810316 0.021968 0.087387 0.118645
0 0.370787 0.724424 0.035903 0.062677 0.115525
2 0.413025 0.643640 0.047830 0.063979 0.100100
0 0.022186 0.821851 0.044373 0.069648 0.099855
0 0.623690 0.868994 0.065202 0.085712 0.074413
0 0.022237 0.837225 0.044474 0.101887 0.068290
0 0.386386 0.574082 0.020890 0.051099 0.066561
0 0.420992 0.549329 0.014738 0.027021 0.061982
0 0.619124 0.859363 0.061346 0.073233 0.061358
0 0.355035 0.825411 0.027180 0.107460 0.061206
0 0.418349 0.540583 0.015050 0.030083 0.060250
0 0.357605 0.790453 0.034435 0.175664 0.059572
0 0.629799 0.885190 0.062426 0.091685 0.055543
0 0.377970 0.660623 0.023036 0.119324 0.052095
0 0.630658 0.905749 0.057182 0.054600 0.051069
