1 0.671008 0.718134 0.224182 0.034350 0.685426
0 0.734640 0.796613 0.032990 0.036399 0.603974
0 0.561991 0.754575 0.137375 0.244855 0.556247
1 0.575957 0.636985 0.147769 0.026017 0.434553
0 0.289327 0.819550 0.106771 0.247889 0.422242
0 0.801920 0.705550 0.385964 0.219187 0.264410
0 0.262129 0.844214 0.175508 0.311571 0.218588
2 0.267599 0.851780 0.277674 0.295849 0.134568
2 0.290699 0.912897 0.343256 0.173272 0.110652
1 0.273789 0.951425 0.342036 0.096120 0.108720
0 0.067978 0.869506 0.135955 0.168334 0.062863
0 0.610965 0.810206 0.224065 0.377536 0.062610
1 0.253012 0.961532 0.294153 0.075745 0.053166
