0 0.427869 0.502913 0.067831 0.986928 0.714033
1 0.673233 0.986907 0.484920 0.026187 0.128261
0 0.426306 0.414406 0.057404 0.828353 0.116412
1 0.936846 0.747066 0.125522 0.049956 0.085199
1 0.508238 0.987095 0.157489 0.025627 0.082439
0 0.410425 0.503155 0.098982 0.990337 0.069218
1 0.570081 0.988168 0.267920 0.023664 0.068716
1 0.934264 0.759822 0.131405 0.067450 0.062769
1 0.712959 0.979637 0.570992 0.040168 0.059355
0 0.425286 0.678074 0.054081 0.623470 0.055179
1 0.529827 0.988790 0.184001 0.022420 0.054929
