3 0.686641 0.434889 0.090756 0.022445 0.430962
2 0.237849 0.588093 0.430583 0.226274 0.248009
3 0.851236 0.503821 0.297528 0.359730 0.207621
2 0.378737 0.377692 0.152225 0.093402 0.196957
2 0.406261 0.510981 0.254398 0.063169 0.189739
0 0.110381 0.562646 0.089620 0.068657 0.181408
3 0.847857 0.431756 0.304286 0.226657 0.171842
2 0.204915 0.741538 0.409152 0.512818 0.157493
2 0.211131 0.662066 0.422230 0.373275 0.131344
3 0.896618 0.511054 0.206049 0.256646 0.117219
3 0.862337 0.572600 0.274747 0.455226 0.105720
2 0.240036 0.606879 0.332488 0.188782 0.087209
2 0.373522 0.397938 0.148543 0.052176 0.082721
4 0.835316 0.573280 0.072909 0.027700 0.080427
3 0.989963 0.441430 0.020071 0.017185 0.066603
3 0.491061 0.447795 0.046078 0.018418 0.061750
3 0.895865 0.471464 0.208269 0.180694 0.055550
