0 0.216303 0.850619 0.072746 0.132071 0.766363
0 0.515568 0.891297 0.070327 0.211762 0.635849
0 0.468028 0.889159 0.037668 0.217398 0.497134
0 0.408603 0.729227 0.025703 0.098192 0.466455
1 0.290625 0.771168 0.419409 0.055822 0.457938
0 0.425528 0.912012 0.039871 0.170048 0.360317
0 0.443268 0.680554 0.081386 0.195595 0.350243
0 0.344234 0.814237 0.018841 0.058143 0.273562
0 0.305013 0.693005 0.030137 0.048582 0.229097
0 0.424147 0.632189 0.031848 0.104857 0.209409
0 0.427512 0.894352 0.047604 0.210821 0.193570
0 0.316051 0.676167 0.053992 0.086226 0.159715
0 0.438513 0.890393 0.068390 0.212639 0.147754
0 0.420154 0.641734 0.037331 0.122037 0.147407
0 0.463518 0.740234 0.043678 0.087065 0.139774
0 0.308623 0.688301 0.037926 0.060796 0.137037
0 0.420936 0.620576 0.026847 0.079801 0.103751
1 0.328474 0.771234 0.350139 0.044409 0.099106
0 0.405836 0.718987 0.030229 0.116302 0.092099
0 0.415329 0.631039 0.040431 0.097208 0.083632
0 0.410424 0.692079 0.034442 0.170519 0.073742
0 0.404178 0.703638 0.025113 0.124353 0.051896
