2 0.511017 0.836884 0.330671 0.280515 0.579665
4 0.532792 0.705961 0.058273 0.024137 0.316018
3 0.712163 0.875440 0.074166 0.161923 0.185573
4 0.533492 0.703606 0.071395 0.041126 0.156105
4 0.533202 0.704871 0.065456 0.030750 0.127798
4 0.499719 0.678478 0.030788 0.019614 0.096309
4 0.499041 0.676002 0.035995 0.027536 0.088202
4 0.341737 0.747536 0.049094 0.035183 0.080447
4 0.525935 0.678626 0.073877 0.023513 0.072269
2 0.362156 0.870964 0.663699 0.228098 0.055188
2 0.512312 0.809332 0.255711 0.327024 0.051430
