2 0.284291 0.847697 0.568581 0.304514 0.677343
4 0.947743 0.958947 0.051260 0.046577 0.506392
4 0.873865 0.901331 0.088397 0.041796 0.504798
4 0.753240 0.779895 0.110921 0.053914 0.452101
4 0.781933 0.860084 0.169133 0.098977 0.419309
4 0.107923 0.724782 0.057260 0.029321 0.381140
4 0.516443 0.974974 0.115343 0.049534 0.220375
4 0.746723 0.774380 0.097393 0.042037 0.181780
4 0.013426 0.781867 0.026852 0.031239 0.171540
4 0.833760 0.891606 0.284626 0.166748 0.157102
4 0.012986 0.787197 0.025825 0.043401 0.146846
4 0.798449 0.903460 0.049044 0.035566 0.129422
2 0.475567 0.852817 0.949840 0.294365 0.121090
3 0.579835 0.659253 0.102480 0.028919 0.118085
4 0.767949 0.848317 0.134736 0.076040 0.116020
4 0.668900 0.867907 0.082710 0.046704 0.065173
4 0.012921 0.800425 0.025843 0.077654 0.052799
