3 0.308535 0.615744 0.056490 0.018397 0.505689
2 0.553632 0.843974 0.239485 0.312051 0.402500
2 0.556179 0.811066 0.284148 0.377789 0.348375
2 0.873171 0.812913 0.253659 0.281164 0.194810
1 0.597540 0.879253 0.161787 0.028930 0.131083
1 0.792872 0.848960 0.216828 0.047798 0.113424
0 0.944619 0.871550 0.110762 0.150088 0.112617
0 0.877958 0.808023 0.244083 0.262002 0.103847
2 0.688535 0.796991 0.621767 0.402569 0.098256
1 0.860601 0.857447 0.084978 0.024318 0.091758
0 0.923656 0.884549 0.152547 0.214972 0.059068
0 0.944849 0.901703 0.109969 0.189758 0.055346
