2 0.671243 0.828888 0.343560 0.340982 0.809420
0 0.140981 0.781865 0.279466 0.256575 0.625762
0 0.343982 0.618331 0.102157 0.090747 0.481058
0 0.359563 0.765741 0.079903 0.137925 0.478666
0 0.117511 0.707250 0.234625 0.159303 0.440141
0 0.376124 0.726494 0.112453 0.212504 0.343541
0 0.419043 0.646769 0.027260 0.057729 0.323737
0 0.274584 0.614420 0.109317 0.066683 0.292773
0 0.160790 0.681516 0.321579 0.197790 0.178871
0 0.335572 0.630193 0.084514 0.066820 0.160915
0 0.139763 0.712799 0.279526 0.231722 0.072685
0 0.111774 0.738128 0.223547 0.203854 0.058659
0 0.324679 0.633503 0.063491 0.059551 0.057077
0 0.519227 0.735718 0.039396 0.180221 0.055918
