0 0.304554 0.869508 0.075881 0.249145 0.834073
0 0.368374 0.718968 0.034033 0.126255 0.555762
0 0.376799 0.713874 0.051475 0.134299 0.208095
1 0.520160 0.839029 0.044826 0.027750 0.130186
0 0.435271 0.607108 0.011620 0.037456 0.070890
0 0.381084 0.694493 0.059800 0.174093 0.070313
1 0.510521 0.837327 0.066103 0.030697 0.070305
0 0.436267 0.614302 0.012683 0.044479 0.066212
0 0.438755 0.646180 0.015902 0.100050 0.064862
1 0.513483 0.837084 0.052410 0.025887 0.063472
0 0.365800 0.743269 0.027955 0.079596 0.053447
