1 0.101588 0.863399 0.199796 0.035043 0.583498
0 0.096892 0.853284 0.190347 0.201506 0.528066
0 0.279863 0.823337 0.094096 0.140338 0.517247
1 0.673207 0.711539 0.297448 0.054001 0.457833
0 0.910398 0.728758 0.142481 0.084896 0.406364
1 0.670486 0.718063 0.282490 0.037212 0.361801
1 0.098067 0.833410 0.192290 0.099646 0.262185
0 0.919841 0.751073 0.159523 0.130067 0.241226
0 0.289680 0.798059 0.114649 0.192632 0.162715
0 0.920825 0.784059 0.158351 0.199932 0.111395
1 0.039100 0.859827 0.078199 0.030371 0.086511
1 0.137857 0.867085 0.117799 0.024739 0.083627
1 0.221847 0.670725 0.213123 0.047999 0.080471
1 0.744903 0.708257 0.441394 0.067960 0.060773
