2 0.613535 0.681718 0.129421 0.073863 0.437193
0 0.563081 0.788824 0.048054 0.151609 0.348984
2 0.596616 0.671196 0.092320 0.084973 0.219795
0 0.574463 0.791671 0.070009 0.151092 0.156033
0 0.765812 0.735569 0.071762 0.057980 0.147236
0 0.564716 0.804348 0.061883 0.182842 0.132431
2 0.621875 0.692115 0.134969 0.055542 0.123892
0 0.771446 0.741263 0.063583 0.047746 0.109260
0 0.566724 0.810474 0.042414 0.108096 0.087376
0 0.586254 0.748511 0.059910 0.073324 0.054445
2 0.605552 0.681329 0.091524 0.068279 0.053438
0 0.777840 0.745312 0.052184 0.041204 0.053392
