3 0.858509 0.185970 0.129210 0.035726 0.768337
1 0.446263 0.284805 0.596974 0.102182 0.635437
3 0.235609 0.229847 0.470550 0.449534 0.492189
3 0.664232 0.165764 0.092250 0.141817 0.481615
0 0.309283 0.608979 0.060312 0.153466 0.353032
1 0.885261 0.366529 0.229478 0.056483 0.166539
2 0.509516 0.532859 0.481934 0.460408 0.151303
0 0.197914 0.355700 0.038768 0.103949 0.142657
1 0.879237 0.373369 0.209537 0.041331 0.132089
0 0.304430 0.619615 0.077046 0.197308 0.105809
0 0.291990 0.631924 0.103763 0.223328 0.096185
2 0.118082 0.408269 0.236164 0.283802 0.087673
2 0.564955 0.533096 0.337660 0.475260 0.062749
0 0.195606 0.356403 0.054242 0.116010 0.052887
3 0.144051 0.364410 0.288103 0.403973 0.052239
