0 0.410539 0.686517 0.020170 0.117528 0.336821
0 0.145490 0.924481 0.089288 0.140785 0.185380
0 0.412517 0.678994 0.026126 0.128195 0.163681
0 0.134401 0.940491 0.067422 0.107653 0.144423
0 0.457395 0.947715 0.017368 0.074810 0.138625
0 0.430277 0.597699 0.013048 0.033417 0.105514
0 0.413464 0.666894 0.019686 0.076786 0.084976
0 0.455664 0.943988 0.021328 0.088390 0.072705
0 0.205041 0.698690 0.066714 0.086593 0.063619
0 0.160326 0.917686 0.120312 0.162636 0.056782
0 0.154838 0.911521 0.091553 0.125696 0.050187
