3 0.819554 0.857066 0.349929 0.285612 0.813116
3 0.175647 0.774807 0.351295 0.415867 0.556261
2 0.101239 0.883273 0.202478 0.229881 0.552295
0 0.604605 0.659686 0.070382 0.106096 0.305311
2 0.446056 0.649580 0.195202 0.117685 0.277914
1 0.731749 0.866408 0.092056 0.022060 0.157751
2 0.456125 0.656088 0.144635 0.094397 0.117644
2 0.452717 0.662296 0.130751 0.069744 0.088350
3 0.556578 0.583981 0.038405 0.049134 0.066988
1 0.027097 0.970026 0.054003 0.027859 0.059970
2 0.081449 0.902824 0.162686 0.192449 0.059023
2 0.447143 0.669966 0.165006 0.083162 0.057047
