0 0.676039 0.620647 0.084973 0.253036 0.727049
4 0.545883 0.488787 0.174399 0.051517 0.409001
4 0.264647 0.667516 0.524142 0.331718 0.193165
4 0.409589 0.716348 0.081160 0.038336 0.143083
4 0.393595 0.585527 0.280552 0.180169 0.120526
4 0.340744 0.649441 0.129784 0.047774 0.083008
4 0.430597 0.700236 0.120814 0.072027 0.082596
4 0.574009 0.488573 0.119197 0.045744 0.074785
4 0.318621 0.599683 0.416440 0.196524 0.068076
4 0.412156 0.555585 0.245636 0.119641 0.060140
4 0.104502 0.726196 0.081182 0.048339 0.053644
4 0.416620 0.711264 0.089774 0.048035 0.053260
4 0.461353 0.548196 0.149550 0.092586 0.050112
