4 0.584267 0.851445 0.119934 0.062246 0.793626
4 0.579061 0.755221 0.050873 0.034729 0.673564
4 0.422195 0.796050 0.056326 0.030931 0.655771
4 0.224130 0.783672 0.085557 0.033266 0.413675
4 0.977019 0.771344 0.045377 0.040088 0.393421
2 0.898916 0.838629 0.202169 0.317999 0.393025
2 0.897130 0.790314 0.205085 0.225395 0.361727
4 0.763558 0.616026 0.084141 0.029365 0.329696
2 0.347848 0.835524 0.688174 0.324427 0.324482
2 0.253983 0.852531 0.502839 0.294938 0.261170
2 0.251259 0.898085 0.494733 0.203831 0.231679
1 0.229296 0.639559 0.202311 0.030124 0.215552
3 0.052141 0.718508 0.084651 0.030134 0.080441
2 0.360484 0.771425 0.678050 0.224437 0.059534
3 0.719343 0.565128 0.046164 0.016055 0.059169
2 0.466368 0.746120 0.452224 0.145486 0.055625
