0 0.143532 0.867136 0.121799 0.230280 0.768749
0 0.258007 0.665392 0.057106 0.088359 0.724582
0 0.116295 0.701330 0.138227 0.123282 0.693037
0 0.391436 0.663300 0.037005 0.103999 0.570666
1 0.694213 0.855405 0.280678 0.120581 0.225074
1 0.498429 0.973810 0.212119 0.052380 0.193894
0 0.459408 0.809491 0.173496 0.380507 0.170121
0 0.549915 0.706061 0.068114 0.050822 0.090178
0 0.473282 0.840726 0.113663 0.315969 0.086462
1 0.466216 0.973627 0.310282 0.052746 0.085838
0 0.443164 0.799094 0.131413 0.351498 0.079846
0 0.439108 0.776589 0.038080 0.121706 0.071078
1 0.728125 0.845726 0.320613 0.126074 0.065641
0 0.493633 0.849290 0.161090 0.301419 0.059199
1 0.724116 0.839074 0.188759 0.072968 0.057440
1 0.420454 0.970516 0.391913 0.058968 0.054204
