4 0.347861 0.750488 0.102410 0.042006 0.256877
4 0.748622 0.604279 0.118360 0.042378 0.229165
4 0.717326 0.675893 0.318725 0.099156 0.197618
4 0.957410 0.761519 0.085180 0.106499 0.176762
4 0.206247 0.742155 0.174603 0.091152 0.175204
4 0.507090 0.671244 0.091575 0.039495 0.169444
2 0.321813 0.868870 0.584092 0.262259 0.153205
4 0.380293 0.735677 0.154504 0.073469 0.148980
4 0.637559 0.687943 0.157266 0.071815 0.148058
4 0.354236 0.740796 0.116952 0.062417 0.140353
4 0.501176 0.668520 0.107597 0.049426 0.133166
4 0.288369 0.741297 0.346104 0.097389 0.124840
2 0.523079 0.848407 0.932582 0.255004 0.113647
4 0.491978 0.675369 0.127112 0.049631 0.101549
4 0.532556 0.641758 0.123483 0.050330 0.098499
4 0.236724 0.743108 0.250899 0.095942 0.097279
4 0.525846 0.652250 0.119314 0.063000 0.093581
4 0.622641 0.741805 0.213854 0.065802 0.085710
4 0.569553 0.638527 0.048015 0.035077 0.081594
4 0.825519 0.676697 0.141167 0.062184 0.079927
4 0.957265 0.781776 0.085470 0.151736 0.070495
2 0.635078 0.828005 0.727152 0.215963 0.066009
4 0.952568 0.805636 0.094253 0.195153 0.060910
4 0.185560 0.749916 0.130966 0.074231 0.060127
4 0.508694 0.657627 0.157629 0.077605 0.055380
4 0.376111 0.728102 0.117490 0.058003 0.055064
4 0.929515 0.766877 0.140896 0.129202 0.052825
4 0.650109 0.680695 0.178176 0.093386 0.052611
4 0.585276 0.740888 0.177905 0.067981 0.051699
4 0.687391 0.690280 0.264057 0.094963 0.050689
