0 0.303358 0.420833 0.317612 0.252054 0.889889
1 0.639017 0.573902 0.360057 0.057158 0.628515
0 0.160356 0.147365 0.091710 0.030097 0.502896
0 0.107165 0.094285 0.037390 0.188571 0.417150
0 0.033294 0.211972 0.066587 0.075372 0.410631
0 0.243898 0.253728 0.073591 0.070852 0.392651
0 0.107971 0.094976 0.053045 0.189952 0.360834
0 0.279698 0.345023 0.022295 0.105421 0.285947
0 0.908607 0.675571 0.182787 0.152127 0.192082
0 0.122570 0.093941 0.082863 0.187881 0.174360
0 0.035555 0.201463 0.071110 0.057564 0.166711
0 0.235724 0.246213 0.084687 0.089082 0.155869
1 0.729667 0.628827 0.540665 0.172846 0.147803
0 0.910273 0.708563 0.178887 0.216139 0.141737
0 0.211523 0.252998 0.025889 0.091266 0.129910
0 0.034034 0.244837 0.068068 0.139470 0.105735
0 0.728985 0.640521 0.542031 0.195460 0.088550
0 0.249106 0.261916 0.062743 0.054831 0.083123
0 0.023218 0.214845 0.046435 0.070997 0.067003
0 0.199457 0.209449 0.156953 0.148403 0.066616
0 0.226656 0.251413 0.048980 0.079728 0.061400
1 0.655262 0.577909 0.327026 0.041612 0.060969
0 0.914248 0.773745 0.170927 0.324151 0.058540
0 0.165353 0.154039 0.098027 0.045326 0.058189
0 0.212977 0.263309 0.030168 0.088172 0.055218
0 0.211665 0.230378 0.027655 0.061354 0.052617
