4 0.724952 0.857414 0.160678 0.050396 0.584882
2 0.420442 0.790364 0.812298 0.271239 0.511161
3 0.357829 0.741574 0.114771 0.084385 0.412948
4 0.658363 0.796556 0.108304 0.071012 0.348788
2 0.295144 0.809088 0.575738 0.265886 0.325906
2 0.709421 0.802520 0.228003 0.162162 0.308941
4 0.710505 0.814442 0.226419 0.138293 0.227515
0 0.776126 0.811186 0.111575 0.143367 0.166356
4 0.680324 0.814994 0.045045 0.028247 0.154527
4 0.658131 0.792500 0.087305 0.057271 0.152350
4 0.656390 0.784574 0.080093 0.041043 0.076880
0 0.763723 0.798353 0.128152 0.165692 0.057306
