0 0.118168 0.789705 0.236337 0.322676 0.820439
1 0.576470 0.801056 0.277489 0.087321 0.631561
0 0.834960 0.818516 0.327484 0.264772 0.460501
1 0.885903 0.953045 0.224357 0.055892 0.403859
1 0.449156 0.803963 0.523835 0.093612 0.319534
1 0.285837 0.827674 0.211487 0.032016 0.185769
1 0.023670 0.779943 0.047315 0.030734 0.103834
0 0.504385 0.655156 0.027652 0.054357 0.096880
1 0.888082 0.933867 0.223806 0.090508 0.080293
2 0.842008 0.836233 0.314659 0.284555 0.075295
0 0.038164 0.866545 0.076219 0.161227 0.067680
