3 0.514719 0.573993 0.264941 0.232852 0.580477
0 0.975439 0.679572 0.049122 0.101151 0.111474
2 0.842579 0.835886 0.285910 0.273882 0.104044
0 0.975607 0.665451 0.048786 0.070889 0.093702
2 0.847348 0.882954 0.239934 0.172103 0.079753
1 0.806620 0.567650 0.366782 0.057054 0.078484
0 0.977660 0.696899 0.044654 0.129937 0.076656
1 0.542539 0.815873 0.727826 0.093699 0.073394
0 0.887470 0.877683 0.098991 0.186935 0.071336
1 0.798108 0.498691 0.126306 0.029259 0.068364
3 0.191892 0.774093 0.379161 0.435293 0.060337
2 0.835141 0.854844 0.233055 0.212703 0.059484
0 0.970626 0.685063 0.058748 0.129824 0.053214
1 0.886715 0.573136 0.208672 0.042660 0.051944
