1 0.206318 0.845448 0.412636 0.040130 0.319389
0 0.489953 0.942367 0.031862 0.105090 0.313340
0 0.314008 0.672271 0.020059 0.052586 0.283571
1 0.301614 0.862099 0.603228 0.057116 0.258312
0 0.393210 0.609561 0.033068 0.104327 0.236013
0 0.396546 0.628994 0.021344 0.055275 0.208145
1 0.309039 0.849829 0.618077 0.089546 0.159890
1 0.512139 0.850773 0.185417 0.063635 0.129089
0 0.420382 0.767687 0.038101 0.155401 0.125550
1 0.263408 0.851885 0.526817 0.050866 0.122749
0 0.390329 0.596823 0.035727 0.114332 0.076622
0 0.263400 0.674915 0.036503 0.091062 0.076171
0 0.485881 0.932197 0.028750 0.117160 0.068241
0 0.398306 0.637368 0.025558 0.080778 0.064761
1 0.162736 0.845528 0.325471 0.032928 0.063828
1 0.484249 0.859541 0.231738 0.057144 0.061105
0 0.266988 0.666044 0.034337 0.082944 0.056065
0 0.423227 0.788199 0.036348 0.116235 0.055538
