4 0.661174 0.679798 0.154858 0.139092 0.426118
4 0.426536 0.584391 0.044668 0.029661 0.335733
4 0.350136 0.571563 0.050533 0.031363 0.296676
4 0.794486 0.711635 0.409888 0.197110 0.252391
4 0.490612 0.538793 0.048434 0.030460 0.250201
4 0.123980 0.684183 0.086115 0.053288 0.214369
2 0.445660 0.686677 0.181581 0.112398 0.176508
4 0.323998 0.573248 0.117050 0.049461 0.159699
4 0.085553 0.683703 0.163349 0.059461 0.156921
4 0.452340 0.541786 0.116895 0.042973 0.153466
4 0.174366 0.565139 0.100163 0.053543 0.146706
4 0.903502 0.742223 0.192995 0.147660 0.132936
4 0.345177 0.571037 0.070298 0.042329 0.119011
4 0.484026 0.538514 0.062084 0.035652 0.101298
4 0.389819 0.573382 0.135281 0.050337 0.081403
4 0.760755 0.687277 0.354188 0.171686 0.074500
4 0.409317 0.578447 0.087746 0.042472 0.065903
4 0.366316 0.571897 0.096803 0.044827 0.058717
4 0.324221 0.576986 0.147827 0.055717 0.053490
4 0.401769 0.567950 0.162639 0.059850 0.050126
