2 0.859472 0.886543 0.281055 0.226423 0.479523
2 0.458184 0.937809 0.409035 0.124360 0.391412
2 0.775111 0.809838 0.126260 0.067585 0.352675
2 0.357841 0.880376 0.714903 0.239249 0.313887
2 0.889288 0.942084 0.220638 0.115832 0.173688
3 0.089556 0.775148 0.069204 0.031705 0.149817
4 0.046580 0.947017 0.092777 0.104060 0.142019
2 0.161681 0.875067 0.323362 0.249407 0.141662
2 0.355933 0.933009 0.670994 0.132925 0.120285
2 0.100045 0.875270 0.200090 0.247739 0.100185
2 0.431567 0.919542 0.507142 0.160430 0.098573
2 0.297188 0.681816 0.119330 0.058096 0.078088
2 0.839879 0.944200 0.320242 0.111296 0.067657
4 0.087512 0.779217 0.073029 0.040088 0.065792
2 0.383692 0.642556 0.279212 0.136427 0.062412
4 0.046887 0.922986 0.093564 0.051114 0.056905
2 0.560769 0.943502 0.840958 0.112996 0.055491
2 0.539563 0.914368 0.915531 0.170730 0.052178
4 0.045709 0.934532 0.091418 0.072719 0.051073
