3 0.706027 0.790315 0.582129 0.419370 0.638392
3 0.376631 0.988874 0.202300 0.022253 0.498397
2 0.414236 0.745214 0.099625 0.083884 0.337595
3 0.391240 0.986546 0.246489 0.026908 0.238725
2 0.587012 0.886780 0.270207 0.226439 0.184276
2 0.414614 0.727692 0.105107 0.121394 0.182131
0 0.530462 0.887337 0.145368 0.225325 0.156386
0 0.556472 0.886713 0.207065 0.226573 0.113236
0 0.491800 0.846338 0.231132 0.307324 0.097549
2 0.544275 0.886698 0.172040 0.226461 0.090018
0 0.516104 0.865972 0.152614 0.267738 0.070222
3 0.416062 0.982908 0.297603 0.034184 0.069415
0 0.409853 0.747076 0.087431 0.077296 0.058910
2 0.540271 0.848942 0.322689 0.302115 0.055324
