3 0.743008 0.782955 0.512492 0.433496 0.731902
1 0.091316 0.617124 0.179792 0.036598 0.336523
2 0.107224 0.845811 0.214133 0.306072 0.179005
4 0.042404 0.959983 0.084789 0.046538 0.162532
0 0.172258 0.646816 0.047932 0.039071 0.098808
1 0.032095 0.876009 0.064189 0.037518 0.093062
4 0.034026 0.956669 0.068053 0.038605 0.092266
4 0.052019 0.945436 0.104038 0.070687 0.087190
2 0.058647 0.921708 0.116988 0.151814 0.083340
1 0.034438 0.869397 0.068877 0.048731 0.053257
2 0.092213 0.874425 0.184426 0.248796 0.051203
