0 0.018006 0.925868 0.035927 0.146105 0.338029
0 0.171650 0.773577 0.074287 0.087958 0.319561
0 0.310033 0.649577 0.054426 0.035697 0.231344
2 0.175511 0.688750 0.089967 0.083047 0.189584
0 0.253582 0.637012 0.053418 0.050931 0.185554
0 0.276072 0.765979 0.091951 0.177372 0.171201
0 0.191228 0.745159 0.117647 0.144302 0.148549
0 0.215969 0.724342 0.079325 0.104537 0.140090
0 0.056789 0.806851 0.068425 0.079436 0.135872
0 0.018706 0.900177 0.037413 0.092442 0.132696
2 0.192309 0.744127 0.120139 0.144307 0.131845
0 0.069829 0.791341 0.035449 0.038199 0.115370
0 0.242380 0.645956 0.059893 0.053536 0.113503
0 0.071625 0.792639 0.043376 0.050978 0.108855
0 0.259045 0.631043 0.045577 0.035996 0.105763
0 0.014303 0.845521 0.028442 0.047197 0.102563
2 0.165589 0.697331 0.073090 0.071083 0.098504
0 0.083240 0.794356 0.103537 0.094556 0.095665
0 0.418058 0.674086 0.017423 0.053814 0.092094
2 0.183885 0.723049 0.108181 0.130803 0.091005
0 0.420900 0.676155 0.021838 0.057687 0.085761
0 0.227611 0.702930 0.056833 0.056315 0.083570
0 0.490578 0.768378 0.027910 0.059925 0.082128
1 0.339546 0.604597 0.125939 0.020357 0.080212
0 0.301841 0.652545 0.044111 0.036119 0.078443
0 0.015538 0.880096 0.030862 0.093803 0.078211
0 0.226428 0.759961 0.033708 0.044001 0.075772
0 0.068642 0.810475 0.128566 0.118219 0.075109
0 0.205406 0.741085 0.086073 0.110801 0.074043
0 0.429095 0.596372 0.012112 0.037908 0.071341
0 0.231266 0.651776 0.058006 0.049405 0.070645
0 0.045534 0.858918 0.091068 0.181708 0.070422
0 0.070159 0.977109 0.029742 0.040839 0.069492
0 0.227034 0.660012 0.034259 0.031006 0.069377
0 0.096480 0.781769 0.097642 0.069197 0.068359
0 0.218617 0.663624 0.032460 0.028503 0.068091
1 0.238142 0.875481 0.187224 0.044110 0.067213
0 0.110652 0.771726 0.064720 0.044388 0.064896
0 0.072445 0.970505 0.035907 0.054315 0.061166
0 0.229946 0.754598 0.038854 0.054112 0.058658
0 0.121216 0.765564 0.054695 0.039266 0.057622
0 0.107562 0.926594 0.091891 0.139903 0.056507
0 0.221489 0.764378 0.023802 0.040080 0.055826
0 0.271817 0.979095 0.015067 0.035703 0.055037
0 0.016371 0.835510 0.032101 0.037424 0.054573
2 0.188030 0.680788 0.070182 0.067043 0.054186
0 0.241678 0.643905 0.076367 0.062732 0.053639
1 0.237451 0.881608 0.193340 0.062682 0.051782
0 0.235478 0.696584 0.048264 0.046409 0.051773
0 0.253196 0.699364 0.026572 0.050371 0.051176
