3 0.896112 0.853351 0.195057 0.077552 0.854064
3 0.160861 0.679177 0.100790 0.027791 0.724483
3 0.177365 0.650441 0.115203 0.027478 0.548731
3 0.229211 0.702317 0.038785 0.014581 0.471940
3 0.100455 0.842998 0.200822 0.314004 0.250406
4 0.751332 0.854620 0.116843 0.098801 0.246571
4 0.747720 0.843116 0.107859 0.071419 0.147758
3 0.310144 0.644933 0.034286 0.014217 0.105742
3 0.113153 0.799798 0.224811 0.396270 0.097083
3 0.419346 0.693603 0.045649 0.018339 0.096521
4 0.766203 0.861294 0.150342 0.117793 0.065206
