4 0.305594 0.911171 0.293827 0.176912 0.674263
4 0.561425 0.619637 0.155055 0.059877 0.339292
2 0.377092 0.834543 0.742249 0.321648 0.276022
4 0.357167 0.882780 0.187948 0.109077 0.219283
2 0.565430 0.807030 0.309794 0.139005 0.199305
2 0.587330 0.780114 0.363201 0.203360 0.189272
2 0.383697 0.789642 0.744468 0.213766 0.184600
0 0.110405 0.924788 0.215262 0.150423 0.169737
2 0.468887 0.778839 0.557190 0.208131 0.142182
4 0.339194 0.906266 0.227225 0.158783 0.135517
4 0.543607 0.624060 0.114479 0.052174 0.129030
2 0.226127 0.909013 0.443114 0.181974 0.114588
4 0.528344 0.626411 0.079789 0.046105 0.085280
0 0.132004 0.907964 0.260840 0.184016 0.083433
4 0.615919 0.621069 0.045792 0.038524 0.077062
4 0.653785 0.852858 0.048721 0.033108 0.074204
2 0.152370 0.887326 0.304708 0.224989 0.070965
4 0.037039 0.803322 0.074077 0.056069 0.070854
2 0.196472 0.869786 0.392067 0.260078 0.066872
4 0.608713 0.617951 0.061988 0.045755 0.066802
