4 0.758038 0.641693 0.149516 0.069543 0.564065
4 0.404484 0.649509 0.118526 0.053259 0.464940
4 0.614468 0.730404 0.260027 0.206612 0.427114
4 0.522822 0.727111 0.445132 0.233635 0.290948
4 0.817621 0.716600 0.099626 0.058261 0.283014
4 0.369700 0.823988 0.734374 0.349121 0.189403
4 0.123931 0.861479 0.247708 0.275132 0.138491
4 0.196975 0.848877 0.393875 0.300159 0.087451
4 0.614156 0.589922 0.130268 0.047091 0.075326
4 0.392750 0.768875 0.177945 0.146692 0.057824
4 0.497790 0.779157 0.491836 0.326420 0.051332
4 0.594611 0.592382 0.077164 0.041278 0.050372
