1 0.759292 0.889258 0.161428 0.084239 0.640983
1 0.120115 0.836749 0.239782 0.050056 0.390504
2 0.354395 0.811869 0.528254 0.359909 0.386374
2 0.370987 0.751538 0.480093 0.237671 0.330767
0 0.183859 0.778431 0.158120 0.079442 0.160784
1 0.129126 0.823508 0.257245 0.084019 0.133237
0 0.615552 0.928463 0.097856 0.143075 0.117210
0 0.830865 0.756922 0.334714 0.199421 0.107321
1 0.135357 0.844564 0.270714 0.062462 0.103901
1 0.191985 0.773766 0.176650 0.080854 0.087557
1 0.130649 0.801626 0.261084 0.128320 0.083244
2 0.419806 0.746911 0.313493 0.218576 0.080903
0 0.329538 0.746464 0.077340 0.230625 0.074445
0 0.296472 0.805519 0.149429 0.384386 0.066810
1 0.067144 0.713982 0.133996 0.033200 0.053177
1 0.701632 0.923845 0.276365 0.150103 0.051661
