0 0.229289 0.647398 0.064757 0.100814 0.568622
0 0.504423 0.618894 0.103785 0.183825 0.238544
0 0.557954 0.870197 0.178074 0.248596 0.115398
0 0.540455 0.812471 0.156046 0.125757 0.110140
2 0.514427 0.766401 0.343013 0.459804 0.102360
1 0.739633 0.956012 0.205264 0.052731 0.094905
0 0.188600 0.695030 0.140442 0.200881 0.094904
0 0.492249 0.605892 0.077838 0.166018 0.086589
1 0.365076 0.854118 0.223894 0.068403 0.077855
0 0.528415 0.707425 0.177612 0.366102 0.072616
2 0.483744 0.710930 0.262936 0.365969 0.065000
2 0.429272 0.769191 0.535871 0.453943 0.064063
2 0.527440 0.871791 0.355178 0.253028 0.056046
