2 0.688976 0.700767 0.622049 0.162461 0.800029
1 0.185632 0.667185 0.371264 0.080305 0.500745
1 0.459231 0.151003 0.351237 0.039664 0.475668
2 0.498684 0.704776 0.997367 0.170745 0.212954
1 0.496494 0.140217 0.992988 0.064590 0.153613
1 0.187804 0.692946 0.374747 0.135280 0.143554
1 0.334819 0.138117 0.669368 0.067188 0.140902
1 0.625190 0.157272 0.749619 0.053243 0.125405
1 0.510749 0.153893 0.978503 0.058506 0.088894
1 0.659113 0.155451 0.681774 0.038027 0.061610
1 0.890222 0.155538 0.218813 0.028713 0.059306
2 0.756631 0.716769 0.486738 0.127119 0.057948
