0 0.537385 0.777963 0.037766 0.152057 0.590000
1 0.538464 0.809912 0.794170 0.140769 0.301690
1 0.652653 0.853529 0.299392 0.050712 0.301365
1 0.233883 0.776271 0.190806 0.132191 0.238215
1 0.713747 0.840707 0.422177 0.070919 0.217722
1 0.829720 0.822608 0.187725 0.032115 0.213804
0 0.284616 0.812370 0.046146 0.099642 0.152860
0 0.236389 0.780321 0.196963 0.145280 0.120037
0 0.288072 0.819676 0.036211 0.086873 0.104509
1 0.229048 0.757476 0.187910 0.094262 0.082640
1 0.183848 0.760309 0.294016 0.125837 0.080122
0 0.675053 0.680339 0.044963 0.080394 0.066205
1 0.653808 0.844336 0.315575 0.068700 0.063825
0 0.669941 0.670422 0.058265 0.102213 0.056883
