0 0.211595 0.801274 0.112151 0.197928 0.883474
0 0.459890 0.879099 0.068072 0.228684 0.665202
2 0.403066 0.723430 0.124136 0.136021 0.265049
0 0.344220 0.683654 0.014604 0.043022 0.257387
1 0.246243 0.676329 0.084926 0.028876 0.243061
0 0.466543 0.802281 0.016110 0.057093 0.188367
0 0.292635 0.666844 0.016736 0.037009 0.166420
0 0.373693 0.627361 0.015558 0.031430 0.147687
0 0.463639 0.798878 0.021849 0.063833 0.145103
2 0.397139 0.631505 0.049271 0.052659 0.132642
0 0.367744 0.721871 0.065017 0.127509 0.126375
0 0.333700 0.584312 0.015842 0.055306 0.126252
0 0.348017 0.692362 0.023442 0.060491 0.120725
0 0.350764 0.710124 0.029654 0.095572 0.112506
2 0.272610 0.765767 0.058460 0.061675 0.108117
0 0.377465 0.753769 0.045387 0.063854 0.108030
0 0.376681 0.628560 0.018937 0.037880 0.105632
0 0.374402 0.740626 0.051667 0.091416 0.102860
0 0.315807 0.628502 0.012846 0.030925 0.100845
2 0.411545 0.718101 0.064788 0.087750 0.097105
0 0.379709 0.761583 0.041284 0.046759 0.092536
0 0.283464 0.763735 0.019258 0.046077 0.090615
1 0.267724 0.637905 0.091028 0.022662 0.089968
0 0.332602 0.580878 0.023703 0.056093 0.088965
0 0.292714 0.686451 0.020368 0.065100 0.087158
0 0.335216 0.576955 0.015804 0.062854 0.086892
0 0.386505 0.766438 0.028531 0.036112 0.078511
0 0.380515 0.629711 0.028092 0.043668 0.076188
0 0.399160 0.633179 0.044992 0.053896 0.076021
0 0.357471 0.725179 0.022928 0.059110 0.074779
0 0.296436 0.707400 0.023598 0.051561 0.072986
0 0.455608 0.796815 0.036998 0.073092 0.072157
1 0.278560 0.631336 0.115857 0.027857 0.066523
0 0.315777 0.637326 0.014235 0.034409 0.066344
0 0.385851 0.716470 0.064953 0.115681 0.064846
0 0.361118 0.690249 0.047552 0.064520 0.063131
0 0.300698 0.716017 0.022897 0.038315 0.062661
0 0.325230 0.604328 0.032508 0.079286 0.061583
2 0.281088 0.768217 0.034622 0.061974 0.061202
0 0.295269 0.577960 0.021370 0.028184 0.058896
1 0.256315 0.638624 0.062250 0.020393 0.057879
0 0.467933 0.907061 0.052060 0.176771 0.057133
1 0.369463 0.676849 0.051158 0.033596 0.056088
2 0.404995 0.634305 0.039988 0.055920 0.055777
0 0.302010 0.662547 0.030229 0.052056 0.054827
0 0.385948 0.758775 0.031033 0.051170 0.052989
