4 0.444228 0.865858 0.047038 0.052920 0.557922
1 0.473456 0.913735 0.104956 0.038037 0.442200
1 0.213153 0.890014 0.423694 0.036477 0.336809
0 0.093616 0.948215 0.061190 0.097848 0.273019
0 0.434032 0.793702 0.054569 0.196174 0.242409
1 0.243693 0.895113 0.486441 0.033279 0.204531
1 0.251604 0.894157 0.354755 0.028247 0.172014
0 0.428039 0.763066 0.035093 0.138307 0.152383
0 0.423820 0.719777 0.028908 0.052360 0.143451
0 0.310877 0.631448 0.049223 0.059201 0.117284
0 0.430071 0.596430 0.014075 0.025698 0.097380
1 0.210258 0.903371 0.418105 0.056568 0.091817
0 0.323318 0.623300 0.076071 0.080415 0.091778
0 0.435372 0.775204 0.041142 0.123773 0.089950
0 0.540059 0.943770 0.039204 0.106472 0.063525
0 0.306061 0.637664 0.041935 0.052645 0.059503
1 0.169097 0.890521 0.338194 0.026585 0.055547
0 0.404203 0.835231 0.015644 0.039347 0.055527
0 0.405124 0.842374 0.016896 0.043485 0.054514
0 0.543065 0.954502 0.033984 0.084228 0.052463
