1 0.413676 0.925868 0.286985 0.067960 0.473071
0 0.184028 0.804290 0.095959 0.207321 0.450604
1 0.133843 0.720212 0.267685 0.059105 0.342662
1 0.111921 0.720603 0.223842 0.042959 0.318032
1 0.403590 0.939418 0.303281 0.099372 0.292569
1 0.061777 0.924749 0.123554 0.036799 0.140007
0 0.165047 0.828756 0.143871 0.259513 0.107260
1 0.048638 0.927605 0.097277 0.032406 0.100614
1 0.033135 0.928261 0.066217 0.031532 0.093563
1 0.119694 0.731601 0.239347 0.072235 0.083995
0 0.199154 0.802585 0.128857 0.225552 0.064915
