0 0.791021 0.898045 0.061054 0.075315 0.510182
0 0.230409 0.745976 0.460818 0.239580 0.260412
0 0.797616 0.916439 0.075512 0.109801 0.191837
0 0.304691 0.557883 0.009274 0.043751 0.128708
1 0.771441 0.815145 0.156760 0.025031 0.120022
1 0.748852 0.814229 0.125211 0.023899 0.101683
1 0.617485 0.763731 0.144446 0.026582 0.096301
1 0.752737 0.810492 0.138682 0.026363 0.074853
0 0.302079 0.548385 0.014809 0.062268 0.067176
1 0.786565 0.817007 0.188037 0.031752 0.064133
1 0.626195 0.757959 0.126470 0.021526 0.064006
1 0.650411 0.757286 0.078519 0.018876 0.062501
1 0.532286 0.626601 0.189616 0.026565 0.061733
0 0.890321 0.798719 0.219358 0.201103 0.050063
