4 0.454652 0.809315 0.064319 0.101088 0.678452
4 0.289346 0.753506 0.033027 0.040073 0.559932
4 0.314204 0.705681 0.028727 0.028700 0.493563
4 0.285893 0.768433 0.034540 0.056655 0.387068
4 0.445359 0.783405 0.044995 0.046623 0.208827
4 0.446776 0.792970 0.047036 0.070319 0.203054
0 0.432162 0.708748 0.013033 0.037866 0.156318
1 0.360880 0.752451 0.114798 0.017910 0.140628
4 0.280404 0.783857 0.027496 0.027825 0.136042
4 0.457648 0.823744 0.058241 0.068602 0.124542
0 0.435510 0.610411 0.018680 0.109933 0.123476
1 0.407529 0.975064 0.077494 0.025759 0.091166
1 0.389096 0.888509 0.050159 0.018496 0.076117
0 0.433078 0.707097 0.016231 0.052564 0.072970
0 0.437296 0.620822 0.017649 0.105352 0.072818
1 0.404044 0.926808 0.067512 0.032281 0.062909
4 0.277772 0.788639 0.020149 0.028241 0.061176
0 0.430990 0.718117 0.014588 0.062384 0.060000
4 0.288896 0.762432 0.040726 0.063204 0.056689
