4 0.516950 0.811758 0.147379 0.069660 0.797922
4 0.260337 0.593664 0.286493 0.081103 0.481032
4 0.383864 0.707200 0.086148 0.048389 0.480496
4 0.456030 0.664713 0.172889 0.062097 0.391523
4 0.435009 0.663945 0.149269 0.049858 0.320804
2 0.221044 0.840434 0.441701 0.318465 0.311455
4 0.209009 0.697915 0.141069 0.072868 0.291965
4 0.444488 0.660696 0.206010 0.076685 0.274752
0 0.594419 0.722493 0.052791 0.190648 0.210555
4 0.293227 0.587427 0.339986 0.094264 0.171499
4 0.514580 0.630673 0.072083 0.042365 0.130926
4 0.141087 0.924158 0.264099 0.151023 0.120708
0 0.594962 0.719287 0.069518 0.211924 0.112216
4 0.202407 0.609908 0.158690 0.054975 0.083055
4 0.457577 0.646382 0.168089 0.085873 0.082645
4 0.333861 0.801155 0.193910 0.149018 0.055279
4 0.527281 0.684686 0.035018 0.027791 0.051955
4 0.524138 0.682649 0.044913 0.033858 0.051377
4 0.177632 0.931860 0.173147 0.136279 0.050822
