1 0.247262 0.713492 0.253918 0.055658 0.621003
1 0.624224 0.720928 0.331028 0.056157 0.544057
0 0.363252 0.740587 0.104989 0.351232 0.499523
1 0.504721 0.907410 0.974532 0.091487 0.392567
0 0.386113 0.648510 0.059262 0.150106 0.355857
1 0.178934 0.897372 0.220985 0.059989 0.355500
0 0.344273 0.818194 0.071860 0.195990 0.258195
1 0.924453 0.748728 0.150262 0.053990 0.194050
1 0.359274 0.902813 0.642590 0.079030 0.176940
1 0.737317 0.912974 0.512514 0.072605 0.168408
0 0.431125 0.692970 0.030794 0.065690 0.160546
1 0.654868 0.909900 0.680265 0.088525 0.084112
1 0.148649 0.897225 0.279758 0.067957 0.073602
3 0.195111 0.697310 0.390222 0.443086 0.063268
0 0.071101 0.958879 0.141722 0.082242 0.059351
