0 0.162951 0.721687 0.153344 0.554172 0.732661
0 0.548094 0.510685 0.173254 0.977300 0.711671
0 0.083819 0.386301 0.119364 0.188674 0.464282
0 0.906159 0.162191 0.072218 0.120187 0.348290
0 0.557556 0.817824 0.062369 0.364243 0.308507
0 0.934529 0.214617 0.130740 0.222287 0.224755
0 0.881483 0.032812 0.154770 0.065383 0.222803
0 0.920455 0.033354 0.079515 0.066707 0.190829
0 0.847747 0.032041 0.224756 0.064083 0.178115
0 0.457172 0.023555 0.035006 0.046729 0.068262
0 0.449268 0.023582 0.050834 0.046948 0.065959
0 0.216174 0.107455 0.047850 0.090128 0.063522
0 0.171788 0.652437 0.139468 0.421615 0.059044
0 0.559278 0.726303 0.059605 0.547393 0.055344
0 0.934391 0.517921 0.131218 0.836679 0.053583
