0 0.612815 0.681906 0.106745 0.147261 0.628629
1 0.472927 0.788182 0.413462 0.059752 0.485081
1 0.173397 0.776397 0.132268 0.027476 0.464120
1 0.048768 0.789357 0.097483 0.032473 0.338165
0 0.657113 0.753428 0.196735 0.293508 0.296301
1 0.366895 0.786141 0.644409 0.061969 0.212916
0 0.668596 0.800198 0.217592 0.390318 0.205479
1 0.122683 0.784498 0.245367 0.046409 0.127289
0 0.222650 0.806418 0.248827 0.345588 0.117074
1 0.390947 0.791876 0.603008 0.083903 0.101087
1 0.048518 0.794924 0.096969 0.046282 0.086601
1 0.525448 0.794557 0.283540 0.045995 0.084279
1 0.238045 0.782027 0.306468 0.047375 0.078312
1 0.427206 0.789035 0.513650 0.047676 0.062755
1 0.546132 0.788640 0.262211 0.057886 0.061562
1 0.221976 0.779082 0.224019 0.032002 0.054012
