0 0.102718 0.757704 0.172112 0.169979 0.865970
1 0.496633 0.791128 0.190298 0.034908 0.545688
1 0.585911 0.958117 0.177862 0.083765 0.524515
1 0.499555 0.797568 0.197782 0.051537 0.317910
1 0.436872 0.958769 0.487350 0.081409 0.270531
1 0.539365 0.958493 0.277572 0.083015 0.208793
1 0.304255 0.984758 0.141637 0.030265 0.131250
1 0.262851 0.983709 0.226710 0.032504 0.116922
4 0.431388 0.574598 0.031081 0.017969 0.058556
0 0.028479 0.716656 0.056958 0.079342 0.057425
0 0.022379 0.725501 0.044759 0.089955 0.050459
