0 0.527252 0.818240 0.147457 0.350703 0.426096
0 0.163816 0.660249 0.096801 0.077500 0.376953
0 0.557108 0.888210 0.087938 0.212190 0.240456
0 0.449577 0.653410 0.017888 0.036527 0.225114
0 0.227435 0.697353 0.058298 0.072824 0.214226
1 0.303569 0.661716 0.293857 0.039772 0.197764
0 0.545136 0.853970 0.111522 0.281213 0.138855
1 0.314450 0.662853 0.283355 0.027256 0.094541
1 0.381275 0.665242 0.148534 0.014622 0.072887
0 0.704223 0.783883 0.066926 0.115201 0.070793
0 0.195169 0.639616 0.036944 0.033627 0.063903
0 0.176470 0.653410 0.111133 0.083379 0.058695
