0 0.180312 0.779828 0.205090 0.254398 0.764688
1 0.096665 0.971702 0.088196 0.051647 0.505512
0 0.352066 0.978207 0.013609 0.040348 0.447190
1 0.831018 0.883748 0.117161 0.074326 0.437127
0 0.588086 0.941072 0.037934 0.098637 0.281226
0 0.096850 0.971163 0.090132 0.051227 0.274870
1 0.043569 0.898636 0.087115 0.032330 0.258840
0 0.352382 0.974119 0.016354 0.048283 0.238775
0 0.014938 0.843100 0.029875 0.110805 0.223213
0 0.310039 0.631202 0.014099 0.027186 0.222574
0 0.014383 0.826785 0.028767 0.074988 0.211645
0 0.015302 0.810933 0.030461 0.045023 0.196692
1 0.053784 0.901965 0.107444 0.033220 0.194507
0 0.308644 0.633594 0.013460 0.028466 0.192735
1 0.844366 0.818994 0.088144 0.041911 0.184065
1 0.870746 0.882075 0.200469 0.076751 0.158628
0 0.527638 0.802498 0.028062 0.066188 0.149527
0 0.422247 0.543281 0.016252 0.031453 0.134532
1 0.403435 0.645484 0.158677 0.016484 0.128823
0 0.281871 0.648309 0.015159 0.023265 0.121295
0 0.591272 0.949063 0.025675 0.091306 0.112708
0 0.425464 0.541310 0.019302 0.032448 0.112085
0 0.484078 0.684083 0.019272 0.036299 0.111258
0 0.543780 0.833245 0.056583 0.120490 0.106773
1 0.898211 0.856050 0.136090 0.090604 0.105968
4 0.574657 0.681746 0.098421 0.052162 0.103477
0 0.268526 0.681267 0.042579 0.087735 0.103362
0 0.418491 0.593858 0.020326 0.033704 0.102186
1 0.042264 0.886206 0.084528 0.051848 0.099798
1 0.820387 0.889246 0.094344 0.063810 0.098750
0 0.149194 0.819427 0.144646 0.167232 0.090398
1 0.060770 0.908333 0.121541 0.034090 0.087310
1 0.901695 0.870031 0.133075 0.066093 0.085081
4 0.583228 0.675445 0.077351 0.040269 0.082639
1 0.881600 0.872677 0.202107 0.067963 0.081996
0 0.372514 0.556148 0.020225 0.022579 0.079946
0 0.019100 0.803105 0.037472 0.046853 0.078573
4 0.595629 0.669699 0.046790 0.025943 0.077577
1 0.035445 0.890836 0.070890 0.045639 0.076771
0 0.355351 0.976159 0.022771 0.040190 0.072864
0 0.376998 0.553003 0.028540 0.024802 0.070648
0 0.312652 0.628293 0.018156 0.026356 0.070639
0 0.635197 0.972870 0.027423 0.047903 0.068179
0 0.947827 0.804739 0.104346 0.075367 0.064598
0 0.264807 0.687584 0.038712 0.072877 0.060420
0 0.019819 0.814330 0.039639 0.069671 0.059922
0 0.026735 0.794282 0.052436 0.063594 0.058276
1 0.870573 0.837647 0.090216 0.071259 0.056798
0 0.272633 0.665783 0.034485 0.060026 0.055064
0 0.538476 0.821573 0.047832 0.101475 0.054032
0 0.486004 0.674216 0.025415 0.047979 0.050964
0 0.286186 0.615693 0.034627 0.026938 0.050321
0 0.552332 0.849868 0.037619 0.087191 0.050043
