0 0.291675 0.889008 0.028527 0.085675 0.551972
0 0.534748 0.894352 0.264463 0.211090 0.501007
0 0.365356 0.960721 0.037006 0.078429 0.379857
0 0.292503 0.866744 0.030111 0.125982 0.307650
0 0.768966 0.932425 0.291852 0.135150 0.191433
0 0.293320 0.861647 0.036660 0.151649 0.119996
0 0.595247 0.899626 0.379427 0.200601 0.118924
0 0.731546 0.934661 0.208186 0.130679 0.115484
0 0.353647 0.960120 0.064324 0.079761 0.103603
0 0.810888 0.964539 0.193732 0.070775 0.086671
0 0.792869 0.945382 0.226223 0.109191 0.082289
0 0.382424 0.961677 0.078099 0.076645 0.078688
0 0.500288 0.793401 0.072475 0.050954 0.063108
0 0.784672 0.960336 0.162245 0.079327 0.051495
