0 0.517284 0.916440 0.054974 0.161872 0.620966
0 0.246849 0.681893 0.046295 0.081768 0.243756
0 0.210231 0.717178 0.182599 0.231188 0.196005
0 0.262626 0.662661 0.079567 0.118478 0.194668
0 0.279254 0.597331 0.046791 0.067772 0.176099
0 0.292626 0.623755 0.020592 0.029446 0.126635
0 0.168531 0.761056 0.102628 0.148087 0.121843
0 0.289953 0.588790 0.024681 0.049623 0.106840
0 0.269530 0.640985 0.068955 0.150953 0.101649
0 0.098496 0.709271 0.092707 0.092958 0.098213
0 0.479168 0.817561 0.128035 0.352095 0.096327
0 0.251995 0.674426 0.061309 0.098459 0.069825
0 0.276429 0.609507 0.038914 0.046148 0.065154
0 0.511302 0.901173 0.064495 0.186903 0.061988
0 0.179933 0.746438 0.127084 0.178397 0.060787
0 0.281815 0.618388 0.040579 0.037446 0.052867
