0 0.239748 0.870677 0.115464 0.258278 0.568924
0 0.813640 0.885472 0.306032 0.173465 0.384449
1 0.636794 0.955197 0.442257 0.089544 0.304757
0 0.237055 0.897332 0.096588 0.205337 0.249688
1 0.512662 0.956641 0.722806 0.086717 0.244345
1 0.481026 0.971141 0.790701 0.057718 0.182958
0 0.542075 0.839873 0.087441 0.073653 0.141637
0 0.774006 0.871780 0.228606 0.144903 0.089967
0 0.578043 0.866415 0.137339 0.128765 0.083039
1 0.412579 0.977351 0.479554 0.045298 0.068851
1 0.582273 0.963471 0.530812 0.071990 0.064190
0 0.777257 0.867669 0.361470 0.201443 0.060523
