2 0.499728 0.796545 0.998121 0.405935 0.853474
4 0.502102 0.889618 0.073162 0.065310 0.552389
4 0.349529 0.668592 0.039224 0.025801 0.520950
4 0.490923 0.889903 0.091966 0.074182 0.168279
4 0.638407 0.777843 0.033593 0.023339 0.113113
4 0.421806 0.742100 0.055850 0.030792 0.101494
4 0.350476 0.667162 0.046660 0.031843 0.083294
4 0.485907 0.990011 0.048808 0.019784 0.079322
4 0.510408 0.988370 0.093538 0.023260 0.079319
4 0.429318 0.740297 0.040858 0.027940 0.078956
4 0.492497 0.987651 0.064485 0.024534 0.058695
