4 0.496864 0.968396 0.217633 0.063207 0.623457
2 0.522634 0.840277 0.954731 0.319447 0.485868
2 0.322110 0.796136 0.115568 0.077097 0.437799
2 0.531493 0.896316 0.937013 0.206455 0.313521
3 0.055231 0.592821 0.080148 0.020895 0.168392
4 0.985823 0.964651 0.028355 0.056856 0.136954
2 0.697829 0.724443 0.600931 0.144498 0.106180
2 0.313832 0.797418 0.090765 0.068422 0.096654
4 0.704300 0.734594 0.138557 0.045706 0.095652
2 0.330217 0.922917 0.541265 0.153802 0.094437
2 0.364792 0.926391 0.385174 0.147176 0.077710
2 0.711696 0.838332 0.575610 0.321358 0.073887
3 0.733260 0.736724 0.069749 0.031457 0.063636
2 0.289833 0.883325 0.493706 0.233351 0.052224
