0 0.072574 0.878163 0.145147 0.173753 0.815909
0 0.649421 0.811995 0.221850 0.376011 0.648574
0 0.074061 0.736634 0.116521 0.050263 0.560686
1 0.765540 0.815190 0.213303 0.028871 0.485686
0 0.604036 0.748001 0.136939 0.261176 0.268830
0 0.723945 0.940952 0.077070 0.118095 0.208287
1 0.239202 0.791002 0.441655 0.040317 0.197478
0 0.067800 0.746571 0.130600 0.076532 0.119206
1 0.059605 0.784390 0.108019 0.032336 0.075425
1 0.275641 0.792445 0.531841 0.051359 0.055080
1 0.321140 0.797129 0.364785 0.044467 0.052589
1 0.291855 0.791548 0.315858 0.029211 0.051356
