3 0.590683 0.569079 0.065467 0.020876 0.621464
2 0.093422 0.855254 0.186843 0.286656 0.549825
3 0.689778 0.532470 0.055233 0.017352 0.542379
4 0.471750 0.679867 0.048816 0.024281 0.507031
3 0.208614 0.653554 0.042216 0.018241 0.458271
1 0.284814 0.954241 0.122203 0.030576 0.222825
3 0.520482 0.599264 0.064775 0.019427 0.214912
1 0.486363 0.832210 0.179747 0.035436 0.107035
1 0.304481 0.901589 0.128527 0.031419 0.092462
4 0.472614 0.681094 0.060331 0.032824 0.057419
1 0.311094 0.903996 0.110313 0.021959 0.050288
