1 0.677852 0.594551 0.176575 0.054388 0.619590
0 0.821317 0.666096 0.059167 0.127337 0.617831
1 0.616812 0.373316 0.141261 0.039391 0.430801
0 0.173398 0.526946 0.116320 0.104640 0.411520
0 0.421169 0.306782 0.050184 0.086847 0.382999
1 0.501610 0.335077 0.116370 0.033146 0.244113
1 0.658490 0.372896 0.215383 0.047644 0.120101
0 0.410903 0.305721 0.076783 0.113442 0.088976
0 0.125783 0.575888 0.216446 0.217447 0.075642
1 0.540232 0.201835 0.308310 0.050254 0.069975
1 0.479982 0.335843 0.155054 0.038197 0.066277
3 0.836814 0.344392 0.326144 0.533834 0.066013
