0 0.379533 0.916158 0.109541 0.119198 0.837450
0 0.766731 0.922276 0.092964 0.155448 0.554533
0 0.478437 0.791085 0.055786 0.077055 0.543177
1 0.508363 0.831835 0.143027 0.031530 0.237367
0 0.690738 0.758146 0.031557 0.065087 0.197166
0 0.787137 0.922753 0.132910 0.154494 0.181811
0 0.918656 0.786406 0.162687 0.108208 0.128930
0 0.230321 0.983649 0.027130 0.032609 0.078920
0 0.220819 0.983777 0.047366 0.032235 0.076139
0 0.211171 0.984158 0.065569 0.031147 0.057183
2 0.047431 0.934185 0.094708 0.075708 0.056125
0 0.906899 0.765735 0.151966 0.078646 0.050158
