2 0.256706 0.778786 0.268039 0.161428 0.191076
2 0.204240 0.778088 0.401207 0.178968 0.158698
0 0.252934 0.764542 0.079601 0.160733 0.110017
2 0.166292 0.783394 0.285688 0.157006 0.096894
1 0.201549 0.841256 0.162437 0.038066 0.093492
0 0.449250 0.756310 0.102953 0.085301 0.084418
1 0.449323 0.774438 0.129697 0.036627 0.073781
2 0.273870 0.784557 0.482489 0.164616 0.068454
2 0.255745 0.769477 0.197951 0.176891 0.059336
1 0.449845 0.771203 0.136935 0.051272 0.056718
2 0.221293 0.776853 0.183961 0.164224 0.054029
0 0.251418 0.788394 0.062612 0.110784 0.053951
0 0.238107 0.765461 0.104951 0.166393 0.051486
