1 0.855172 0.850484 0.289657 0.168312 0.636404
1 0.584301 0.715144 0.134724 0.027687 0.490868
2 0.484767 0.724710 0.152499 0.257380 0.482773
2 0.248852 0.957681 0.301808 0.084638 0.232636
2 0.527616 0.801382 0.226599 0.396444 0.230497
0 0.517205 0.800044 0.212534 0.397387 0.219993
1 0.257464 0.959143 0.285244 0.081034 0.124808
2 0.558913 0.962128 0.180455 0.075647 0.078727
2 0.375008 0.956727 0.565015 0.086158 0.066776
1 0.381500 0.955516 0.559750 0.088911 0.061340
1 0.294634 0.972750 0.212528 0.053671 0.058544
