2 0.661951 0.913847 0.223150 0.172306 0.577887
4 0.610631 0.776171 0.055701 0.079696 0.255055
4 0.563854 0.743906 0.161915 0.154704 0.239519
2 0.291290 0.669635 0.140468 0.130090 0.181335
2 0.633681 0.842234 0.298824 0.315533 0.176637
4 0.542013 0.714993 0.112385 0.075386 0.153928
4 0.607855 0.763241 0.054487 0.051350 0.117718
2 0.311948 0.665284 0.194052 0.137213 0.116547
4 0.543680 0.720558 0.100399 0.058774 0.089956
4 0.604877 0.756016 0.050472 0.035676 0.064785
4 0.569479 0.750711 0.139244 0.124150 0.062447
