4 0.360470 0.670012 0.073338 0.031429 0.730252
4 0.590628 0.896340 0.052654 0.031861 0.637425
4 0.451455 0.704059 0.041635 0.032444 0.602704
3 0.461165 0.595936 0.056434 0.018681 0.330819
3 0.460230 0.595545 0.070201 0.022617 0.310879
2 0.513198 0.846271 0.779579 0.304596 0.213336
2 0.686815 0.849552 0.445735 0.300897 0.156498
1 0.288349 0.888625 0.299803 0.050127 0.150929
2 0.289209 0.888544 0.295591 0.054802 0.097300
2 0.178799 0.789707 0.162187 0.163573 0.090155
4 0.452325 0.700247 0.050602 0.045276 0.057498
1 0.138653 0.674316 0.250471 0.034089 0.051350
