3 0.673989 0.737493 0.069213 0.028297 0.704228
2 0.335948 0.841056 0.230896 0.188082 0.549970
1 0.528642 0.717740 0.132356 0.032062 0.458775
3 0.160517 0.848877 0.109158 0.044485 0.446496
2 0.335377 0.787841 0.266831 0.298077 0.313819
2 0.380366 0.688434 0.187027 0.097230 0.310134
3 0.168731 0.847916 0.128145 0.054462 0.231955
1 0.742340 0.747622 0.077775 0.024072 0.164520
3 0.146746 0.849998 0.081274 0.039794 0.135711
2 0.358540 0.696582 0.235062 0.116858 0.052091
4 0.254412 0.824430 0.040267 0.025417 0.050463
