3 0.395855 0.668908 0.130257 0.166902 0.667553
3 0.264604 0.652067 0.166012 0.194705 0.587983
3 0.871446 0.931559 0.255936 0.136741 0.462044
3 0.169511 0.789132 0.338640 0.421736 0.362384
3 0.054525 0.931368 0.109051 0.137264 0.343826
3 0.573407 0.644783 0.171003 0.186226 0.295370
3 0.599394 0.678402 0.118169 0.119735 0.218385
3 0.831910 0.878471 0.333969 0.243057 0.164623
3 0.783962 0.828882 0.429280 0.342237 0.125535
3 0.518309 0.586036 0.086001 0.089151 0.070051
3 0.591728 0.663176 0.136240 0.153247 0.062034
