0 0.087130 0.499093 0.088618 0.998185 0.606387
0 0.075623 0.299686 0.053659 0.598959 0.391154
0 0.077349 0.439348 0.058362 0.878696 0.309055
1 0.531288 0.957067 0.501910 0.083422 0.163002
1 0.025874 0.319974 0.051749 0.038069 0.146037
1 0.398422 0.960318 0.796843 0.079365 0.097094
1 0.018587 0.324414 0.037174 0.044208 0.094527
1 0.030063 0.323488 0.060125 0.048701 0.089990
1 0.384639 0.970939 0.769278 0.058122 0.081179
1 0.030895 0.977971 0.061790 0.043267 0.077451
1 0.038841 0.973940 0.077682 0.052119 0.068938
1 0.030861 0.314566 0.061473 0.043899 0.051146
