3 0.886772 0.208980 0.078865 0.027464 0.720148
3 0.219370 0.406732 0.300919 0.324492 0.712058
0 0.593342 0.238931 0.072617 0.257042 0.680990
1 0.639868 0.520371 0.717656 0.160887 0.600295
3 0.377003 0.163009 0.151435 0.119981 0.470149
0 0.183500 0.647569 0.058430 0.145423 0.268788
3 0.442968 0.161662 0.289801 0.123837 0.227457
1 0.638549 0.197577 0.362745 0.048284 0.193512
1 0.051411 0.491609 0.102660 0.059419 0.152455
0 0.179796 0.638425 0.072138 0.173642 0.132744
1 0.057000 0.483376 0.113777 0.063250 0.104516
1 0.689218 0.548140 0.621563 0.100282 0.088463
3 0.454251 0.193646 0.318246 0.060702 0.084465
1 0.463546 0.203001 0.316673 0.040126 0.081600
1 0.554982 0.198295 0.522724 0.050812 0.072836
1 0.050335 0.506285 0.100161 0.085719 0.067237
1 0.080726 0.481358 0.161451 0.061862 0.066488
1 0.434945 0.495151 0.321462 0.136375 0.062833
1 0.708721 0.197164 0.225740 0.041475 0.059518
0 0.186567 0.623459 0.054367 0.126189 0.050574
