2 0.128265 0.727151 0.247064 0.261165 0.276280
1 0.400617 0.612145 0.179564 0.033384 0.243149
2 0.159695 0.723667 0.170736 0.239800 0.220509
1 0.122747 0.654762 0.098719 0.020641 0.217867
0 0.444040 0.600729 0.072214 0.054453 0.215480
0 0.162172 0.722460 0.160153 0.236048 0.173038
1 0.402406 0.606282 0.165048 0.043893 0.169314
1 0.429857 0.551282 0.109345 0.025898 0.121421
2 0.412215 0.590392 0.152892 0.085633 0.111714
2 0.122338 0.785264 0.244675 0.367027 0.104704
1 0.220601 0.560963 0.090042 0.019432 0.097624
0 0.413502 0.601264 0.140797 0.053188 0.070416
