3 0.821347 0.745707 0.197159 0.072911 0.841531
1 0.823148 0.868372 0.352480 0.063818 0.334567
1 0.387735 0.887291 0.766493 0.225419 0.230385
1 0.763128 0.677864 0.467257 0.056032 0.199948
3 0.391413 0.658383 0.781828 0.270275 0.190882
1 0.661303 0.709920 0.134140 0.045590 0.188627
1 0.638840 0.706237 0.185637 0.060333 0.164140
1 0.734434 0.867817 0.531133 0.068700 0.163306
1 0.688247 0.674859 0.320963 0.034068 0.140317
1 0.973438 0.792141 0.053034 0.042839 0.120906
1 0.706282 0.676748 0.386360 0.050784 0.116852
1 0.766310 0.669292 0.465127 0.080511 0.115158
3 0.389815 0.885514 0.772941 0.228972 0.075372
1 0.680806 0.678521 0.453262 0.063757 0.070901
1 0.617813 0.696501 0.236078 0.079540 0.070645
2 0.758638 0.664626 0.482724 0.102558 0.069503
1 0.654313 0.831516 0.238313 0.111999 0.068765
1 0.684615 0.691653 0.344800 0.071865 0.054215
