0 0.377703 0.629250 0.059003 0.206460 0.545405
0 0.342675 0.175574 0.268216 0.348486 0.316674
0 0.562976 0.883572 0.083179 0.208385 0.200764
0 0.672782 0.304097 0.081307 0.214003 0.153795
0 0.537604 0.890134 0.132028 0.218775 0.140100
0 0.692358 0.249788 0.110014 0.310539 0.130102
0 0.402012 0.174134 0.384798 0.345569 0.092145
0 0.510551 0.892358 0.191094 0.214764 0.090226
1 0.545582 0.430624 0.144534 0.064686 0.086840
1 0.144418 0.495403 0.279164 0.054558 0.068700
0 0.443888 0.087691 0.129763 0.174930 0.067019
0 0.603204 0.325217 0.225948 0.270028 0.061177
0 0.418171 0.089992 0.081503 0.169639 0.058635
0 0.422805 0.098004 0.108735 0.195888 0.056192
4 0.012075 0.387178 0.024045 0.048703 0.052170
