2 0.724359 0.819872 0.551282 0.359798 0.728414
4 0.172813 0.825909 0.058229 0.039358 0.705157
2 0.157305 0.849369 0.313243 0.301263 0.620601
4 0.350655 0.884480 0.072276 0.039109 0.386921
4 0.331977 0.883804 0.119673 0.044788 0.201933
2 0.564386 0.726276 0.254681 0.199893 0.119747
2 0.805103 0.901218 0.389794 0.197564 0.119631
2 0.803372 0.846559 0.393256 0.306882 0.116444
2 0.505508 0.810930 0.985816 0.378140 0.115651
3 0.606882 0.681092 0.112912 0.124515 0.078457
1 0.315595 0.880773 0.173251 0.039931 0.052155
