3 0.634480 0.767636 0.049418 0.027832 0.470294
1 0.235371 0.662758 0.155215 0.039769 0.211843
2 0.229933 0.743084 0.207741 0.145114 0.126181
2 0.166198 0.707079 0.332395 0.212304 0.103497
0 0.232085 0.762897 0.059503 0.076935 0.091192
0 0.232949 0.765283 0.081126 0.082598 0.073849
0 0.242759 0.768199 0.111025 0.090064 0.073684
1 0.249850 0.785748 0.190044 0.062955 0.062999
2 0.034572 0.681786 0.069144 0.085145 0.053639
2 0.190579 0.730116 0.273264 0.168287 0.053154
0 0.053015 0.637195 0.105847 0.084866 0.053108
