3 0.241130 0.721736 0.264249 0.504022 0.788047
3 0.861852 0.699891 0.276296 0.222027 0.557256
3 0.941293 0.680583 0.117414 0.037054 0.365572
2 0.878039 0.767934 0.242087 0.235297 0.348526
3 0.800318 0.670979 0.398463 0.391946 0.299582
3 0.836682 0.722924 0.326636 0.293435 0.225559
2 0.593466 0.733566 0.784595 0.299340 0.213509
2 0.461284 0.740479 0.512031 0.280790 0.206197
2 0.902234 0.785319 0.194944 0.210802 0.128508
1 0.449819 0.806294 0.423655 0.086543 0.118493
3 0.265322 0.670293 0.217752 0.426832 0.112052
0 0.228567 0.651235 0.114048 0.152992 0.098501
3 0.212479 0.773031 0.231805 0.397190 0.096473
1 0.435361 0.810044 0.408204 0.062668 0.093329
2 0.454122 0.810060 0.426370 0.135929 0.088754
1 0.452466 0.809002 0.427040 0.127931 0.082010
3 0.481085 0.414126 0.186411 0.032393 0.078352
2 0.849843 0.749866 0.299363 0.293614 0.065055
3 0.873587 0.745885 0.252826 0.297102 0.063082
2 0.247086 0.646083 0.146109 0.160426 0.053490
