0 0.490232 0.785949 0.059683 0.193345 0.523400
0 0.459436 0.336446 0.255340 0.329704 0.507117
0 0.711165 0.118213 0.046604 0.092168 0.324947
0 0.776153 0.358497 0.111829 0.387831 0.259110
0 0.105544 0.517608 0.088786 0.255029 0.229226
0 0.799697 0.473074 0.073311 0.180374 0.201738
1 0.582590 0.910927 0.189838 0.071840 0.183170
0 0.542922 0.249977 0.080485 0.158660 0.182645
0 0.770366 0.337163 0.138799 0.517342 0.143302
1 0.260973 0.642864 0.256316 0.058302 0.142263
0 0.088790 0.553867 0.120632 0.318569 0.133503
1 0.658161 0.591516 0.144307 0.065125 0.109145
0 0.672121 0.581754 0.158232 0.075174 0.105600
0 0.702649 0.121535 0.064424 0.099669 0.101654
1 0.594863 0.921001 0.175080 0.055540 0.081174
0 0.615619 0.192383 0.228901 0.241618 0.076637
0 0.716293 0.506491 0.241093 0.232985 0.071997
1 0.608946 0.602608 0.271371 0.107611 0.070481
0 0.683120 0.967840 0.059168 0.064319 0.068667
1 0.633071 0.172946 0.152065 0.048961 0.052999
0 0.669519 0.968469 0.084358 0.063062 0.051321
