1 0.662022 0.650591 0.195261 0.032338 0.632105
1 0.668248 0.699227 0.224711 0.037688 0.621661
1 0.454449 0.618163 0.177400 0.029494 0.614465
1 0.729298 0.779575 0.298667 0.042982 0.600019
2 0.831215 0.744529 0.130470 0.108965 0.537361
1 0.420769 0.699543 0.255427 0.037242 0.424428
1 0.405989 0.881929 0.401814 0.092492 0.340606
2 0.308431 0.613873 0.223090 0.191695 0.271638
1 0.641956 0.614280 0.064740 0.017026 0.198343
4 0.218120 0.710902 0.061424 0.039297 0.174259
2 0.400024 0.878325 0.411829 0.107390 0.173837
3 0.509527 0.495147 0.083429 0.020336 0.168325
2 0.277063 0.742090 0.549094 0.409329 0.131712
4 0.247398 0.639896 0.079956 0.031910 0.105654
1 0.425548 0.891175 0.369389 0.069470 0.090548
1 0.640931 0.613225 0.086942 0.020231 0.080771
2 0.305299 0.835830 0.610598 0.315623 0.058233
