3 0.614264 0.556609 0.069869 0.022351 0.639972
2 0.113334 0.821230 0.225813 0.335931 0.572132
2 0.455171 0.767996 0.314727 0.248227 0.552964
2 0.482795 0.958605 0.217439 0.082481 0.546630
4 0.488038 0.683352 0.048038 0.029042 0.515771
2 0.832837 0.739806 0.330577 0.198687 0.416036
4 0.486496 0.684762 0.056289 0.036837 0.363002
3 0.341396 0.622693 0.088687 0.029218 0.356991
1 0.253568 0.799644 0.133067 0.028644 0.311949
2 0.645428 0.752406 0.698994 0.255278 0.166961
2 0.404036 0.788312 0.207303 0.213701 0.117738
2 0.838625 0.817190 0.322353 0.355614 0.117088
2 0.071049 0.902022 0.141753 0.188908 0.098103
2 0.785779 0.734628 0.254710 0.193233 0.092676
3 0.415002 0.546284 0.037151 0.018021 0.081718
2 0.648133 0.809699 0.699556 0.353890 0.068764
4 0.416289 0.546319 0.042014 0.021111 0.062783
4 0.485082 0.689803 0.066549 0.048322 0.058556
