0 0.577153 0.882429 0.078434 0.220100 0.584186
0 0.492279 0.955451 0.026488 0.078851 0.416059
0 0.175520 0.939679 0.102446 0.113388 0.263116
0 0.534025 0.873921 0.026539 0.116596 0.185781
0 0.489915 0.943787 0.028305 0.101362 0.122879
0 0.168472 0.951012 0.088351 0.087718 0.094493
0 0.235949 0.672912 0.094089 0.090143 0.091409
0 0.530769 0.865839 0.033315 0.135436 0.086781
0 0.536706 0.887331 0.021629 0.095017 0.078220
0 0.419396 0.889852 0.034019 0.215456 0.077350
0 0.452380 0.662685 0.026083 0.126947 0.072921
0 0.305227 0.765815 0.020157 0.048775 0.071152
0 0.467792 0.954019 0.025294 0.078791 0.069680
0 0.456311 0.813556 0.030370 0.095888 0.067923
0 0.453459 0.823531 0.035313 0.095389 0.066531
0 0.419463 0.908244 0.024270 0.167652 0.064262
0 0.409226 0.880608 0.063181 0.207725 0.062157
0 0.486891 0.825994 0.039157 0.086884 0.060273
0 0.152863 0.965935 0.056919 0.056426 0.059890
0 0.420352 0.933493 0.020002 0.124416 0.058682
0 0.491637 0.699195 0.038754 0.093113 0.057675
0 0.454731 0.642069 0.023101 0.091419 0.055926
0 0.467960 0.959359 0.018555 0.070160 0.055673
0 0.495256 0.709381 0.034292 0.103602 0.053339
