0 0.882859 0.767611 0.234283 0.434588 0.271213
2 0.612254 0.595797 0.759961 0.803813 0.173451
0 0.877402 0.685146 0.245196 0.278242 0.161343
0 0.310327 0.057471 0.052660 0.114942 0.160879
2 0.371071 0.591178 0.567204 0.817645 0.138909
0 0.704004 0.340207 0.148864 0.147970 0.132702
2 0.701021 0.333999 0.153961 0.153924 0.130165
4 0.435262 0.103397 0.096524 0.044094 0.128054
0 0.868640 0.139059 0.220261 0.129236 0.111569
0 0.901543 0.726418 0.196913 0.341476 0.091578
0 0.796305 0.225402 0.133356 0.067277 0.091051
2 0.547392 0.596649 0.474184 0.801940 0.080775
1 0.850857 0.311729 0.298285 0.058405 0.078409
1 0.072855 0.065528 0.145710 0.030125 0.073026
0 0.443934 0.348351 0.117628 0.321338 0.063059
0 0.918647 0.787760 0.162454 0.418220 0.060395
0 0.494160 0.589993 0.277010 0.802947 0.055803
1 0.354463 0.778018 0.358805 0.137659 0.054453
