0 0.652922 0.807640 0.359413 0.383824 0.765569
0 0.230002 0.872584 0.123444 0.254397 0.738494
1 0.896820 0.738411 0.206063 0.053589 0.617159
1 0.703528 0.740348 0.153099 0.033710 0.511461
1 0.070679 0.734850 0.141357 0.038554 0.309129
1 0.888791 0.917226 0.222419 0.054309 0.213836
1 0.886652 0.910382 0.221981 0.038308 0.172317
0 0.465913 0.823041 0.132123 0.353919 0.106059
0 0.444093 0.757165 0.082412 0.234857 0.102351
0 0.432396 0.717436 0.053547 0.142316 0.088440
0 0.518603 0.663373 0.117943 0.131554 0.069400
2 0.620277 0.807981 0.454357 0.383366 0.067131
1 0.968016 0.751613 0.063968 0.031784 0.066009
0 0.470128 0.756396 0.138725 0.230973 0.057669
1 0.494775 0.805005 0.166627 0.085868 0.055612
