0 0.175290 0.931278 0.064795 0.125984 0.683217
0 0.212466 0.930084 0.052882 0.132084 0.612249
0 0.094939 0.927021 0.082875 0.140341 0.491823
0 0.454168 0.937977 0.023808 0.115586 0.452737
0 0.408094 0.673636 0.031889 0.155232 0.438659
2 0.604165 0.905617 0.101872 0.178962 0.317473
0 0.415195 0.857711 0.057406 0.269319 0.279509
1 0.308506 0.870758 0.198953 0.042414 0.278480
2 0.122795 0.771387 0.152167 0.150511 0.274049
0 0.307565 0.679098 0.082149 0.162942 0.243842
0 0.598415 0.905983 0.091324 0.178070 0.235741
2 0.303186 0.669784 0.097822 0.177809 0.166255
2 0.131263 0.752364 0.147831 0.130970 0.163379
0 0.494306 0.821674 0.040931 0.145522 0.152670
0 0.582692 0.910764 0.055586 0.173003 0.147531
0 0.229443 0.774724 0.091412 0.129975 0.140630
0 0.044971 0.870194 0.088206 0.098719 0.100323
0 0.428345 0.857359 0.077149 0.271846 0.100045
0 0.209857 0.788451 0.061385 0.080594 0.098903
0 0.586094 0.936187 0.047893 0.120198 0.097660
2 0.289575 0.680582 0.120917 0.185386 0.093350
2 0.103909 0.792540 0.175971 0.184575 0.093076
0 0.440090 0.605994 0.013230 0.048815 0.085877
0 0.041888 0.895160 0.083255 0.144240 0.083339
0 0.403757 0.679487 0.029645 0.172382 0.083227
1 0.297994 0.865393 0.205637 0.035981 0.082260
0 0.220439 0.779172 0.080845 0.097646 0.081624
0 0.110002 0.783143 0.111275 0.126930 0.078787
0 0.454136 0.909845 0.029013 0.170524 0.078666
0 0.254204 0.730856 0.051789 0.073983 0.074771
0 0.073564 0.763432 0.059886 0.041864 0.072953
0 0.038768 0.881766 0.077165 0.093084 0.069985
2 0.124925 0.768700 0.123076 0.122501 0.063207
2 0.415268 0.838346 0.066898 0.309361 0.060353
0 0.443519 0.859611 0.049821 0.271315 0.059490
0 0.274078 0.693301 0.085785 0.144737 0.059004
0 0.301192 0.689219 0.066528 0.140069 0.058709
0 0.417375 0.876208 0.034913 0.230039 0.057184
2 0.278709 0.711886 0.140636 0.226123 0.056525
0 0.088575 0.939380 0.082000 0.111076 0.055730
0 0.403764 0.688343 0.019977 0.150692 0.055523
2 0.149141 0.740711 0.140669 0.129518 0.053712
2 0.114809 0.755612 0.133032 0.097317 0.053340
0 0.240724 0.744059 0.077544 0.085528 0.053214
0 0.033323 0.914410 0.066647 0.154858 0.053069
0 0.071265 0.976823 0.039426 0.042113 0.050049
