0 0.180552 0.807802 0.264803 0.375421 0.776913
2 0.351625 0.800285 0.072082 0.120969 0.616535
2 0.180586 0.809618 0.262015 0.369724 0.348911
2 0.437169 0.697007 0.064209 0.091275 0.228754
0 0.056394 0.779973 0.112787 0.155291 0.123045
2 0.061050 0.758490 0.122100 0.124353 0.113808
0 0.053500 0.810906 0.107000 0.211665 0.104963
2 0.097464 0.735410 0.062160 0.078150 0.091416
0 0.018308 0.795634 0.036616 0.062182 0.078620
0 0.016878 0.823837 0.033756 0.119436 0.068419
0 0.017134 0.860754 0.034268 0.193435 0.067611
