0 0.297116 0.618840 0.045901 0.046583 0.487999
0 0.355404 0.933199 0.091384 0.126642 0.272373
0 0.128005 0.933391 0.063972 0.123626 0.173147
0 0.019882 0.817470 0.018106 0.036229 0.165376
0 0.303333 0.614415 0.053580 0.047969 0.159147
1 0.262252 0.725386 0.396182 0.025761 0.158779
0 0.340900 0.594497 0.012111 0.019903 0.121631
0 0.014690 0.853459 0.028872 0.104939 0.116889
0 0.390672 0.908531 0.020581 0.088313 0.093643
1 0.242750 0.719791 0.353788 0.024240 0.082510
0 0.359745 0.908823 0.102361 0.176868 0.079395
0 0.135528 0.920532 0.079251 0.148120 0.077769
0 0.435661 0.639229 0.048405 0.132466 0.074351
0 0.431398 0.630344 0.036752 0.100486 0.071216
0 0.388475 0.927435 0.023948 0.123503 0.070023
0 0.428367 0.620013 0.035800 0.094930 0.069477
0 0.013276 0.881392 0.026288 0.110116 0.065538
0 0.011294 0.943590 0.022588 0.094564 0.058837
0 0.011469 0.930534 0.022938 0.065163 0.058435
0 0.426915 0.616585 0.028529 0.070775 0.056600
0 0.015280 0.874553 0.030560 0.152700 0.055794
0 0.015478 0.837404 0.027954 0.079119 0.054251
0 0.336800 0.974414 0.056015 0.045941 0.053183
0 0.424153 0.608670 0.025654 0.069102 0.050742
