2 0.463478 0.834340 0.324959 0.330893 0.674157
1 0.616734 0.760466 0.117621 0.034756 0.571769
1 0.921836 0.963197 0.156329 0.037631 0.460320
1 0.832209 0.674210 0.333265 0.036121 0.360422
0 0.715183 0.608621 0.128210 0.062205 0.215432
0 0.524032 0.831201 0.073615 0.333023 0.190328
1 0.921187 0.954454 0.157305 0.055120 0.157827
0 0.373098 0.770225 0.087072 0.183543 0.109269
0 0.541804 0.828887 0.111393 0.342225 0.094278
0 0.367028 0.798461 0.097767 0.242343 0.072411
0 0.518944 0.795672 0.063275 0.278511 0.054117
