2 0.609644 0.794133 0.771338 0.411734 0.679152
4 0.670653 0.926185 0.113111 0.042345 0.223337
2 0.610591 0.683206 0.756043 0.240302 0.148126
2 0.295318 0.600852 0.178687 0.100768 0.135915
4 0.536254 0.986734 0.057936 0.026442 0.084731
4 0.293442 0.959349 0.161776 0.081303 0.071749
4 0.456417 0.751842 0.084180 0.086887 0.069326
2 0.574138 0.942532 0.847782 0.114936 0.068370
4 0.469166 0.732312 0.059870 0.042701 0.067674
4 0.683100 0.929668 0.136898 0.050844 0.059986
2 0.579502 0.909550 0.839639 0.180893 0.051135
