4 0.728818 0.801141 0.146692 0.099137 0.219875
4 0.760111 0.812331 0.214909 0.119991 0.216028
4 0.757350 0.839262 0.220872 0.174907 0.192489
4 0.846734 0.826734 0.093358 0.085932 0.144816
4 0.733752 0.819509 0.168079 0.139442 0.123550
4 0.728975 0.854095 0.194498 0.205674 0.074049
4 0.715487 0.894047 0.189169 0.122697 0.062201
4 0.960366 0.896151 0.079267 0.107106 0.055644
4 0.725121 0.794154 0.121322 0.083530 0.055640
4 0.741547 0.906225 0.136254 0.117475 0.054584
4 0.678375 0.887108 0.118817 0.055630 0.051503
