2 0.844485 0.890979 0.311031 0.218042 0.683458
1 0.174801 0.852312 0.269679 0.042714 0.344349
1 0.597131 0.670939 0.524251 0.043626 0.329346
1 0.500601 0.667626 0.360000 0.037266 0.209125
1 0.575871 0.859455 0.374038 0.044596 0.207097
1 0.777870 0.677803 0.162780 0.028963 0.196772
4 0.316793 0.853715 0.042753 0.025974 0.192144
1 0.515416 0.853141 0.955353 0.063228 0.164141
0 0.682168 0.701190 0.054011 0.072168 0.162853
1 0.463269 0.857664 0.604442 0.052968 0.130365
1 0.473306 0.796906 0.054839 0.023581 0.102710
4 0.369508 0.854503 0.041951 0.024562 0.085538
1 0.684267 0.860864 0.624041 0.050282 0.081067
4 0.365046 0.853542 0.054586 0.030203 0.065942
3 0.979376 0.752569 0.041248 0.021412 0.064969
