3 0.154806 0.775916 0.123885 0.037808 0.772983
0 0.144908 0.821280 0.033940 0.050993 0.692995
3 0.482615 0.689262 0.073954 0.021944 0.518159
0 0.153231 0.926064 0.100301 0.146692 0.395659
1 0.551194 0.831996 0.170625 0.031519 0.314338
2 0.147540 0.926131 0.124312 0.147702 0.140075
3 0.162424 0.719120 0.097863 0.031409 0.111825
2 0.115081 0.926560 0.197133 0.146880 0.108441
1 0.065193 0.854091 0.130386 0.040419 0.069375
0 0.135224 0.925765 0.147224 0.147905 0.065166
0 0.042611 0.748909 0.045146 0.033307 0.051302
