0 0.510449 0.773430 0.040015 0.083240 0.755455
0 0.253713 0.812708 0.221274 0.374584 0.544282
0 0.045509 0.882851 0.090650 0.136221 0.486768
0 0.492109 0.962982 0.109351 0.074037 0.359928
0 0.098528 0.692457 0.197056 0.130164 0.306546
0 0.325684 0.687589 0.077329 0.123831 0.300480
0 0.517559 0.963298 0.157654 0.073405 0.222947
0 0.045469 0.860175 0.090938 0.089612 0.156059
0 0.089601 0.716814 0.179202 0.164884 0.147477
0 0.223038 0.883906 0.168600 0.232188 0.086767
0 0.121883 0.686340 0.243765 0.178905 0.062624
