0 0.584448 0.769154 0.121946 0.135341 0.717326
0 0.690689 0.826976 0.329900 0.343708 0.712093
0 0.381297 0.620850 0.041636 0.078562 0.533182
1 0.275564 0.778475 0.290962 0.043248 0.419100
1 0.853227 0.940155 0.104997 0.035754 0.402348
0 0.204798 0.787223 0.110447 0.186053 0.296267
0 0.169003 0.829413 0.187889 0.260118 0.210702
0 0.183752 0.837199 0.071038 0.098882 0.141841
0 0.214917 0.766702 0.127652 0.224982 0.128848
0 0.242531 0.741739 0.030181 0.068342 0.112178
0 0.837076 0.759583 0.325573 0.151427 0.102926
1 0.825515 0.747191 0.346542 0.114131 0.088818
1 0.339782 0.680355 0.146031 0.022856 0.083858
1 0.799397 0.717038 0.302821 0.052716 0.083439
0 0.154752 0.864683 0.161854 0.190080 0.066295
0 0.911025 0.771367 0.177951 0.120299 0.055575
