1 0.608609 0.803307 0.231496 0.048854 0.433943
1 0.164887 0.745399 0.288739 0.043983 0.291339
1 0.138466 0.748478 0.235662 0.036784 0.285416
1 0.052717 0.790022 0.105433 0.035158 0.250675
0 0.241490 0.752159 0.136110 0.087077 0.185776
1 0.155984 0.767343 0.308619 0.091512 0.152105
2 0.592808 0.786409 0.265045 0.160707 0.144202
1 0.610924 0.811264 0.229194 0.069850 0.124461
1 0.144895 0.784299 0.289682 0.052936 0.083506
4 0.254240 0.845498 0.097429 0.037325 0.076805
0 0.257918 0.844104 0.094718 0.041500 0.066342
1 0.060446 0.792510 0.120891 0.043739 0.064586
0 0.207828 0.758651 0.198982 0.097186 0.061455
0 0.163205 0.762403 0.292091 0.099616 0.060035
1 0.076528 0.787700 0.153057 0.037306 0.055512
