0 0.145249 0.915545 0.149030 0.159000 0.722301
0 0.498840 0.756595 0.087889 0.123265 0.615077
0 0.493843 0.850684 0.109285 0.288458 0.594429
0 0.305954 0.827697 0.049920 0.336947 0.586405
0 0.239012 0.751013 0.098077 0.143488 0.569053
0 0.413876 0.852769 0.033008 0.291059 0.454870
2 0.404362 0.656221 0.082422 0.149047 0.427796
0 0.314803 0.927443 0.022366 0.141925 0.417073
0 0.264403 0.825096 0.014070 0.043198 0.384903
0 0.172603 0.697109 0.046303 0.044311 0.379091
0 0.302832 0.855726 0.039882 0.285695 0.377997
1 0.238221 0.681686 0.094911 0.025898 0.191157
0 0.416036 0.832251 0.026688 0.225059 0.190735
0 0.319721 0.606969 0.021079 0.040041 0.188599
0 0.306547 0.881115 0.035970 0.235344 0.159486
0 0.309536 0.711558 0.050453 0.110332 0.143524
0 0.526871 0.842911 0.055552 0.079417 0.142540
0 0.227209 0.645897 0.065023 0.054988 0.141891
0 0.033654 0.819153 0.067309 0.121799 0.138933
2 0.396681 0.631247 0.065714 0.094193 0.138079
0 0.234832 0.640920 0.079655 0.066961 0.136275
0 0.241762 0.625654 0.082279 0.087058 0.134823
0 0.113739 0.931565 0.085617 0.130614 0.127863
0 0.504004 0.880460 0.088739 0.232208 0.116323
0 0.315366 0.698420 0.038725 0.085787 0.110983
0 0.367486 0.620094 0.017043 0.074943 0.100597
0 0.324511 0.604742 0.026612 0.039907 0.098515
2 0.246341 0.625807 0.086776 0.081474 0.097407
0 0.361582 0.631697 0.014581 0.059932 0.091803
0 0.533182 0.850811 0.042445 0.064449 0.091246
0 0.293580 0.820360 0.021356 0.145059 0.087940
0 0.457285 0.903784 0.035890 0.038314 0.085701
0 0.028713 0.833761 0.057427 0.139777 0.083880
0 0.249170 0.729244 0.093970 0.128253 0.082920
0 0.503388 0.782779 0.088719 0.167812 0.080376
0 0.037036 0.798815 0.073474 0.090049 0.078348
0 0.316116 0.608574 0.029930 0.046451 0.077172
0 0.305184 0.788643 0.045244 0.242831 0.062967
2 0.400299 0.631172 0.075253 0.117894 0.062794
0 0.265811 0.823160 0.017679 0.054454 0.060040
1 0.251316 0.676324 0.124045 0.026452 0.058026
2 0.264834 0.608324 0.043721 0.039513 0.056916
0 0.405570 0.797553 0.048185 0.398950 0.054429
0 0.259825 0.615236 0.038521 0.037421 0.054350
0 0.523262 0.829100 0.061124 0.105643 0.054299
0 0.322025 0.684019 0.028515 0.060848 0.053723
2 0.405310 0.781725 0.073389 0.410509 0.051643
