1 0.339226 0.728107 0.324917 0.022781 0.181818
1 0.301447 0.728510 0.216468 0.018800 0.132296
0 0.307918 0.568439 0.009133 0.030887 0.119338
1 0.261421 0.729412 0.495534 0.029535 0.111493
0 0.308294 0.562875 0.010402 0.044838 0.097304
1 0.083115 0.731430 0.140119 0.014762 0.097139
1 0.262987 0.727690 0.323047 0.019491 0.091680
0 0.259420 0.574268 0.011111 0.022842 0.082859
1 0.258249 0.735434 0.486717 0.029686 0.069527
0 0.251140 0.658525 0.083105 0.133952 0.068270
1 0.114724 0.732077 0.206059 0.016632 0.062775
0 0.173632 0.699524 0.046751 0.056341 0.058609
0 0.266488 0.572548 0.025753 0.025899 0.052840
