3 0.892266 0.870509 0.215469 0.216433 0.836825
3 0.129288 0.748073 0.258577 0.488700 0.707707
3 0.756603 0.590134 0.485584 0.178087 0.372357
0 0.465715 0.701729 0.092263 0.108035 0.196885
0 0.474227 0.707826 0.066944 0.092368 0.185389
1 0.557012 0.657225 0.236932 0.036370 0.172683
3 0.558013 0.557662 0.097665 0.089753 0.093525
0 0.573369 0.829157 0.136395 0.060662 0.081380
0 0.419960 0.547592 0.033160 0.069476 0.080691
3 0.777930 0.625105 0.438498 0.101935 0.071870
1 0.584616 0.660125 0.236814 0.039610 0.054484
