4 0.287073 0.799213 0.567044 0.401160 0.874437
3 0.738833 0.666035 0.183838 0.223247 0.173295
2 0.742055 0.736422 0.161588 0.105623 0.159355
4 0.194537 0.590657 0.165716 0.060698 0.142786
2 0.636974 0.718797 0.336250 0.158595 0.125594
4 0.468509 0.565234 0.149008 0.088694 0.124292
4 0.189349 0.589871 0.233392 0.066471 0.097433
4 0.483038 0.557547 0.119866 0.076253 0.085848
0 0.626513 0.670986 0.048230 0.209109 0.065267
3 0.693734 0.620671 0.100311 0.144689 0.063148
2 0.733363 0.698695 0.175006 0.184288 0.058624
4 0.146601 0.592825 0.277922 0.070084 0.057973
3 0.706488 0.639307 0.118992 0.171069 0.057356
