2 0.500000 0.648173 1.000000 0.134366 0.727349
1 0.500210 0.137495 0.997102 0.061754 0.463046
1 0.166761 0.127762 0.330409 0.044871 0.348517
1 0.202261 0.124989 0.259229 0.043982 0.339675
1 0.718203 0.143658 0.557086 0.040843 0.281636
2 0.398942 0.635547 0.797884 0.148650 0.271006
2 0.546690 0.638688 0.906620 0.101807 0.232398
1 0.376807 0.132220 0.645464 0.047969 0.229595
1 0.882647 0.147649 0.230051 0.032303 0.212486
2 0.499466 0.672222 0.998933 0.192959 0.134232
1 0.376215 0.120422 0.647007 0.065247 0.094716
1 0.507561 0.149926 0.984879 0.077486 0.071776
1 0.399550 0.130352 0.798284 0.056589 0.064760
