2 0.344669 0.812731 0.688347 0.364200 0.360230
1 0.515797 0.714221 0.421472 0.079280 0.302518
0 0.132021 0.790592 0.257524 0.347622 0.264183
0 0.222930 0.697195 0.075896 0.150359 0.209118
1 0.360431 0.735390 0.704920 0.125048 0.190947
0 0.358628 0.654635 0.043034 0.082549 0.172734
0 0.677525 0.855597 0.290794 0.284946 0.171824
0 0.595205 0.795752 0.130691 0.151250 0.143804
2 0.582353 0.857670 0.500503 0.283702 0.134606
0 0.595483 0.821208 0.110464 0.103117 0.115576
1 0.365061 0.827302 0.730082 0.325224 0.099121
0 0.783812 0.942336 0.113485 0.115327 0.062005
1 0.423524 0.732990 0.543658 0.101132 0.053243
