0 0.542606 0.826990 0.138719 0.335751 0.750075
0 0.257491 0.881465 0.082783 0.227170 0.443224
0 0.418824 0.898705 0.025393 0.122474 0.417348
0 0.076359 0.803047 0.152718 0.167427 0.394146
0 0.180156 0.856026 0.162283 0.274456 0.380499
2 0.436902 0.725862 0.060786 0.209801 0.307434
0 0.334453 0.692662 0.055107 0.168191 0.285882
0 0.461709 0.939577 0.019554 0.117870 0.279386
0 0.427650 0.765106 0.030140 0.138467 0.198921
0 0.075689 0.844571 0.151354 0.240290 0.151990
0 0.290259 0.801941 0.142809 0.378087 0.142959
0 0.459307 0.900488 0.025624 0.199024 0.138664
0 0.131174 0.932368 0.067549 0.123209 0.126552
0 0.457604 0.610458 0.017687 0.058152 0.115263
0 0.246311 0.894159 0.059839 0.206884 0.110926
0 0.283174 0.598955 0.020318 0.019949 0.099603
0 0.202451 0.827220 0.205965 0.322193 0.098449
0 0.455368 0.605430 0.017863 0.063101 0.097348
0 0.095288 0.706620 0.084937 0.059564 0.086701
0 0.431856 0.758814 0.039536 0.151631 0.086072
0 0.447127 0.725216 0.041862 0.100727 0.082997
0 0.286171 0.658408 0.039850 0.080508 0.081236
0 0.269111 0.853491 0.106839 0.282104 0.080955
0 0.414539 0.905299 0.019517 0.108396 0.073955
0 0.251695 0.619704 0.032496 0.041727 0.073166
0 0.325014 0.702975 0.048193 0.155836 0.071806
0 0.246359 0.627126 0.024263 0.036605 0.070891
0 0.464284 0.637526 0.030037 0.101142 0.070221
0 0.263123 0.613529 0.052190 0.047659 0.067695
0 0.051929 0.803386 0.103859 0.108301 0.065700
0 0.438849 0.740938 0.054515 0.188024 0.065026
0 0.088539 0.712294 0.077043 0.050946 0.063052
0 0.062780 0.791978 0.125559 0.115186 0.062846
0 0.340145 0.680826 0.069349 0.179512 0.059994
0 0.300809 0.633863 0.048512 0.062522 0.058619
0 0.315742 0.623753 0.034774 0.045774 0.058053
0 0.107853 0.765266 0.091375 0.097654 0.056605
0 0.308741 0.627697 0.025635 0.045293 0.055504
0 0.291423 0.640580 0.045573 0.061913 0.054772
0 0.243156 0.636987 0.021118 0.029998 0.053368
0 0.462691 0.625068 0.026057 0.075915 0.053277
0 0.291327 0.642833 0.047961 0.084049 0.050594
