2 0.526030 0.774906 0.287374 0.263189 0.593283
3 0.507581 0.836738 0.059122 0.144561 0.350504
3 0.442297 0.608615 0.033645 0.074882 0.226719
3 0.500481 0.815462 0.070717 0.181787 0.214693
3 0.451263 0.618234 0.056023 0.098166 0.213066
3 0.495780 0.791428 0.081067 0.228350 0.203278
2 0.244784 0.709288 0.138918 0.145107 0.167658
3 0.446491 0.613620 0.042608 0.091981 0.129932
0 0.169326 0.796687 0.274918 0.309248 0.088712
3 0.483380 0.777143 0.109319 0.253020 0.075667
0 0.480579 0.772828 0.113493 0.261230 0.056105
