0 0.189333 0.625621 0.159526 0.079253 0.508385
1 0.173283 0.853222 0.345087 0.068539 0.442397
1 0.104430 0.857278 0.205886 0.039508 0.439554
0 0.351326 0.807183 0.097302 0.370119 0.355888
0 0.358237 0.737661 0.107194 0.227082 0.229185
0 0.519932 0.647276 0.041984 0.098196 0.201218
0 0.173972 0.632543 0.133716 0.067231 0.191546
0 0.352922 0.807110 0.143997 0.377518 0.178547
0 0.515449 0.635584 0.051868 0.123541 0.133333
2 0.358532 0.737808 0.111399 0.231393 0.095768
1 0.431970 0.722364 0.073445 0.021960 0.086385
0 0.595291 0.794868 0.197790 0.392680 0.080170
1 0.119231 0.857283 0.238462 0.054486 0.078772
0 0.363353 0.795163 0.053559 0.117605 0.078451
0 0.622714 0.845940 0.165717 0.306155 0.070748
1 0.176945 0.839127 0.353889 0.081487 0.066051
