4 0.390574 0.715699 0.211611 0.075693 0.781868
4 0.504424 0.564587 0.138089 0.093070 0.452583
4 0.271424 0.638691 0.109346 0.071890 0.123962
4 0.925879 0.654197 0.148242 0.150632 0.103783
4 0.517018 0.581976 0.096232 0.063711 0.093405
0 0.413864 0.630437 0.110018 0.072089 0.080851
4 0.504170 0.577982 0.124051 0.075699 0.067519
4 0.517713 0.681949 0.058172 0.048321 0.059077
4 0.619726 0.510715 0.046618 0.030204 0.058713
4 0.484931 0.558749 0.181600 0.112534 0.058508
4 0.527930 0.588634 0.068901 0.048734 0.055053
4 0.408301 0.630995 0.106631 0.068465 0.054432
