0 0.290394 0.542046 0.225241 0.638215 0.685043
1 0.727090 0.696194 0.189941 0.054250 0.473005
1 0.817447 0.713252 0.365105 0.088631 0.267858
0 0.946236 0.320547 0.082600 0.033967 0.263534
1 0.975955 0.531717 0.048089 0.034222 0.216876
1 0.899759 0.722639 0.200482 0.060758 0.126100
3 0.827378 0.479710 0.345245 0.361947 0.124207
0 0.636666 0.613839 0.066671 0.058325 0.109026
0 0.946860 0.322618 0.092531 0.044386 0.097326
3 0.302187 0.241605 0.103798 0.117916 0.062941
0 0.952155 0.332267 0.095689 0.058825 0.059912
2 0.805707 0.678048 0.388586 0.180241 0.056907
1 0.973317 0.523765 0.053169 0.049842 0.055517
1 0.665595 0.266575 0.072531 0.021517 0.052894
1 0.490303 0.319356 0.122167 0.030512 0.052025
