0 0.184977 0.770501 0.159498 0.292677 0.723564
0 0.224937 0.700959 0.078581 0.154975 0.708377
1 0.375357 0.784798 0.416021 0.115376 0.370682
0 0.758229 0.820794 0.351953 0.285575 0.350671
1 0.311282 0.808830 0.288413 0.063311 0.319064
1 0.509375 0.753153 0.115461 0.054982 0.254474
0 0.412884 0.672483 0.089190 0.207421 0.202597
1 0.418581 0.778312 0.521050 0.134175 0.165287
0 0.135768 0.867736 0.063589 0.102929 0.116522
1 0.487784 0.637636 0.182374 0.028343 0.108385
1 0.226059 0.824805 0.113581 0.026412 0.107259
0 0.143067 0.856748 0.075142 0.123367 0.084680
1 0.474715 0.790736 0.643723 0.182705 0.079963
2 0.698552 0.832433 0.447920 0.312315 0.057550
0 0.887407 0.930715 0.117447 0.084779 0.053448
