2 0.895018 0.873090 0.209828 0.253287 0.715272
2 0.348789 0.837890 0.695436 0.324220 0.531034
2 0.891114 0.801201 0.217773 0.397598 0.406910
4 0.188377 0.897234 0.376755 0.205532 0.351595
4 0.276233 0.912028 0.185828 0.159619 0.255691
2 0.513116 0.837633 0.973768 0.324734 0.179158
4 0.061166 0.927047 0.122246 0.144679 0.089286
0 0.901969 0.670372 0.195216 0.174587 0.085356
2 0.887702 0.654634 0.222639 0.172495 0.064652
2 0.874010 0.753901 0.251752 0.373046 0.064066
4 0.187763 0.850098 0.374052 0.299204 0.050566
