4 0.377074 0.828034 0.120051 0.076432 0.772031
4 0.902834 0.914583 0.090429 0.048538 0.517864
3 0.265862 0.619426 0.053648 0.016172 0.509338
3 0.892493 0.732986 0.078923 0.028518 0.458922
4 0.836846 0.873222 0.062352 0.039019 0.365548
4 0.972460 0.974906 0.055080 0.049766 0.335121
4 0.874888 0.896017 0.146388 0.086851 0.160907
4 0.897712 0.908173 0.104693 0.062132 0.154361
3 0.274773 0.591715 0.045189 0.013427 0.115180
4 0.778115 0.844673 0.069733 0.040204 0.097001
4 0.837591 0.878292 0.073161 0.050639 0.094988
4 0.766997 0.837488 0.042710 0.028265 0.091407
1 0.183452 0.738760 0.126506 0.027414 0.089707
4 0.770015 0.840702 0.052717 0.035457 0.089129
2 0.492163 0.822883 0.163884 0.188998 0.079548
4 0.360003 0.619544 0.030075 0.026707 0.073608
3 0.268595 0.615666 0.051603 0.015441 0.061993
3 0.265053 0.620491 0.059206 0.025011 0.054533
