0 0.488629 0.499375 0.154464 0.998501 0.737495
0 0.616302 0.498649 0.096330 0.997297 0.662044
0 0.170704 0.734068 0.045859 0.497261 0.536107
0 0.555613 0.498577 0.223256 0.997154 0.276642
0 0.637489 0.302648 0.057904 0.605295 0.132865
0 0.062664 0.981254 0.114188 0.037492 0.125863
0 0.085778 0.981023 0.066706 0.037955 0.123678
0 0.953709 0.780525 0.091656 0.139112 0.070690
1 0.059385 0.981500 0.118404 0.036999 0.064560
0 0.970776 0.866736 0.058405 0.262464 0.057179
0 0.609434 0.707627 0.067267 0.584746 0.056709
0 0.980722 0.806810 0.038556 0.093266 0.051821
