4 0.527063 0.687327 0.046657 0.032561 0.318762
4 0.478402 0.582116 0.153701 0.045391 0.295434
4 0.216316 0.627680 0.232207 0.069099 0.257292
4 0.417388 0.651903 0.055965 0.034144 0.182502
4 0.537673 0.688236 0.072435 0.039324 0.168848
2 0.360824 0.809926 0.697320 0.336826 0.133485
2 0.482331 0.764142 0.470501 0.251586 0.126406
4 0.368383 0.652347 0.204131 0.067792 0.117031
4 0.541074 0.662812 0.098742 0.092343 0.116189
0 0.233121 0.823265 0.461145 0.347157 0.102561
4 0.162678 0.624911 0.120920 0.046201 0.100559
4 0.540239 0.647425 0.069276 0.037868 0.099682
4 0.536940 0.658079 0.084117 0.063092 0.097182
2 0.402117 0.767309 0.631990 0.268526 0.090513
4 0.113998 0.879396 0.227853 0.234822 0.087615
4 0.414694 0.653129 0.067405 0.041990 0.084806
4 0.452140 0.583576 0.183461 0.044366 0.081998
4 0.542506 0.636935 0.104247 0.065401 0.079071
4 0.374330 0.651703 0.168517 0.051833 0.072918
4 0.423675 0.647900 0.076891 0.044605 0.070985
4 0.541547 0.678438 0.091343 0.061001 0.069817
4 0.532149 0.653112 0.099037 0.083357 0.065652
4 0.430447 0.645775 0.095612 0.051922 0.058158
4 0.520619 0.632656 0.124904 0.066942 0.054841
4 0.540957 0.652252 0.115979 0.101739 0.054180
4 0.510762 0.625212 0.093617 0.048352 0.052002
4 0.167338 0.628456 0.152785 0.055755 0.051689
4 0.543556 0.642375 0.072948 0.051116 0.050541
