4 0.354475 0.733009 0.071841 0.087812 0.791414
2 0.692283 0.780976 0.603199 0.372070 0.739292
3 0.283191 0.911411 0.095622 0.143800 0.383615
4 0.345309 0.815204 0.050885 0.040309 0.365963
2 0.148136 0.758696 0.289561 0.276760 0.252718
3 0.768422 0.579855 0.463156 0.309835 0.189894
4 0.347918 0.809981 0.055146 0.052644 0.171100
2 0.122985 0.783880 0.243868 0.238439 0.127741
1 0.425886 0.871004 0.199038 0.033372 0.121571
1 0.891271 0.887661 0.216480 0.039034 0.100385
1 0.809990 0.713906 0.207427 0.038359 0.099713
2 0.174307 0.727783 0.282694 0.265990 0.068783
4 0.343483 0.818726 0.062149 0.049844 0.064700
