0 0.586805 0.765827 0.154321 0.229189 0.506442
0 0.066269 0.825002 0.116540 0.066934 0.291037
0 0.240857 0.741259 0.156390 0.092291 0.211902
0 0.260767 0.727746 0.169125 0.121692 0.178082
1 0.337564 0.712889 0.124921 0.030225 0.134951
0 0.277043 0.726556 0.091429 0.112354 0.099473
1 0.361444 0.715679 0.167571 0.032576 0.069878
0 0.278876 0.731935 0.063298 0.101007 0.067191
0 0.166409 0.776174 0.299874 0.158832 0.065685
0 0.263928 0.739635 0.090949 0.096021 0.063065
0 0.292483 0.716530 0.195316 0.142296 0.055021
0 0.188272 0.757031 0.345215 0.201560 0.052796
0 0.226998 0.749677 0.153876 0.077898 0.051792
