0 0.421061 0.649355 0.044816 0.146906 0.676946
1 0.262054 0.851869 0.522876 0.140519 0.648761
0 0.085227 0.781481 0.052306 0.058511 0.594278
1 0.259074 0.873748 0.518149 0.099960 0.508440
1 0.195626 0.763214 0.364918 0.058063 0.242768
0 0.414671 0.645360 0.031906 0.136997 0.234275
0 0.127700 0.718502 0.066523 0.047512 0.233577
1 0.224112 0.761400 0.288588 0.047685 0.205858
1 0.264586 0.768507 0.469187 0.067806 0.127987
0 0.109564 0.750833 0.102954 0.121683 0.118104
0 0.131428 0.713231 0.064608 0.035593 0.087325
0 0.130759 0.712390 0.076303 0.058367 0.052263
