0 0.557823 0.957920 0.056460 0.084161 0.288807
0 0.543408 0.957366 0.091504 0.085268 0.229702
2 0.328479 0.938842 0.151636 0.122253 0.208238
0 0.563939 0.957369 0.038093 0.084365 0.188362
0 0.756795 0.966654 0.044089 0.051596 0.187752
2 0.350656 0.904759 0.185787 0.189850 0.163543
0 0.527293 0.786704 0.031444 0.053174 0.103901
2 0.303726 0.937153 0.211293 0.125444 0.090737
1 0.112783 0.883415 0.164157 0.024455 0.088060
0 0.523368 0.959389 0.134298 0.080993 0.085158
0 0.775595 0.971050 0.084042 0.057648 0.077180
0 0.549649 0.958226 0.130056 0.083308 0.064643
2 0.340909 0.924061 0.161865 0.151557 0.050977
