0 0.428800 0.810424 0.015159 0.044902 0.306508
0 0.488058 0.906296 0.022568 0.118488 0.232325
0 0.242777 0.758463 0.093187 0.165791 0.172173
0 0.406261 0.644404 0.017528 0.036906 0.167265
0 0.402624 0.583252 0.016492 0.049461 0.126481
0 0.431798 0.819143 0.020756 0.065899 0.113134
0 0.404276 0.588836 0.016202 0.044044 0.103110
0 0.452558 0.976634 0.013425 0.041232 0.091220
2 0.428531 0.738102 0.063528 0.213820 0.089411
0 0.437159 0.747543 0.026926 0.083133 0.070851
0 0.233519 0.773436 0.074182 0.136175 0.069292
2 0.423334 0.708063 0.052129 0.166627 0.068663
0 0.441011 0.759270 0.018003 0.056852 0.066024
0 0.434601 0.738862 0.030994 0.094796 0.064796
0 0.430506 0.732428 0.039245 0.107415 0.061323
0 0.401641 0.575970 0.019947 0.065467 0.060339
0 0.412008 0.638969 0.027299 0.061291 0.057886
0 0.471472 0.888139 0.057115 0.202286 0.056620
0 0.408436 0.630787 0.023526 0.068212 0.056065
0 0.426505 0.808874 0.019072 0.050762 0.055412
2 0.456164 0.846029 0.089491 0.259644 0.054458
