2 0.830026 0.835399 0.339579 0.329203 0.514487
2 0.633548 0.720466 0.726919 0.269712 0.367198
3 0.900661 0.814165 0.198261 0.254556 0.344651
2 0.638297 0.786091 0.723405 0.391020 0.283116
2 0.903251 0.921682 0.193019 0.156636 0.240879
3 0.898972 0.774938 0.202056 0.176040 0.180487
1 0.218187 0.739665 0.172996 0.034334 0.160722
2 0.443625 0.718242 0.344769 0.248129 0.124298
2 0.479399 0.773259 0.269745 0.135033 0.119415
0 0.903657 0.921476 0.192685 0.156782 0.097831
3 0.238386 0.807856 0.250917 0.383232 0.097188
2 0.807734 0.766796 0.316808 0.178464 0.073527
2 0.335446 0.682458 0.117029 0.159918 0.064781
