4 0.304739 0.891857 0.021320 0.025685 0.545132
1 0.346364 0.698548 0.318296 0.038176 0.328275
1 0.279937 0.701006 0.460438 0.041844 0.294887
0 0.272801 0.555004 0.018176 0.044147 0.176071
0 0.275447 0.558370 0.015548 0.040482 0.164385
0 0.316460 0.549574 0.013073 0.020205 0.159464
1 0.218288 0.598757 0.068857 0.013393 0.155210
0 0.256868 0.818760 0.016516 0.065038 0.132887
0 0.265745 0.546789 0.033466 0.057562 0.112021
0 0.259914 0.537367 0.034862 0.058498 0.103028
0 0.047508 0.892042 0.091505 0.104785 0.090179
0 0.088412 0.795467 0.066693 0.081136 0.083693
2 0.111453 0.657640 0.057567 0.049369 0.079684
1 0.266914 0.710480 0.482965 0.049500 0.079385
0 0.129244 0.730995 0.029062 0.037082 0.073622
1 0.248525 0.708366 0.408194 0.038383 0.073466
0 0.066391 0.816782 0.116117 0.122320 0.071844
1 0.126181 0.707862 0.134965 0.028261 0.069006
0 0.081646 0.803000 0.080398 0.094317 0.065471
1 0.332505 0.704504 0.297649 0.034691 0.064940
1 0.079770 0.713847 0.107520 0.029145 0.063957
1 0.218446 0.604491 0.067815 0.018869 0.062265
0 0.063216 0.849545 0.126080 0.213344 0.061652
0 0.253104 0.518118 0.024220 0.023468 0.057013
0 0.311260 0.542023 0.025736 0.027928 0.054956
0 0.033374 0.751828 0.065810 0.080562 0.054667
0 0.253302 0.524897 0.036627 0.032784 0.053824
4 0.166652 0.826648 0.026923 0.018257 0.053752
0 0.090408 0.786570 0.079405 0.096983 0.053677
1 0.093585 0.715569 0.111356 0.022239 0.053515
0 0.260089 0.542019 0.043506 0.067002 0.052543
1 0.242085 0.597969 0.027316 0.017234 0.052138
2 0.037014 0.743082 0.074027 0.111403 0.050611
0 0.311403 0.548119 0.026073 0.024914 0.050353
