4 0.600239 0.387540 0.098062 0.057662 0.765941
4 0.644059 0.318804 0.117317 0.063639 0.622582
1 0.084309 0.330456 0.167866 0.042174 0.282162
2 0.822992 0.296120 0.251706 0.151714 0.253915
1 0.831923 0.426720 0.336154 0.083328 0.210668
2 0.767093 0.301037 0.378647 0.171543 0.186722
4 0.468901 0.618868 0.114956 0.113307 0.154440
1 0.100807 0.330657 0.201614 0.054843 0.116324
4 0.033741 0.729381 0.067483 0.063958 0.113790
2 0.390832 0.778161 0.285330 0.440550 0.086830
4 0.419427 0.746381 0.221410 0.386174 0.061893
4 0.461496 0.634510 0.138232 0.159189 0.061400
4 0.447413 0.669428 0.163681 0.232939 0.059907
4 0.035675 0.737175 0.071351 0.092746 0.051031
