4 0.575559 0.864415 0.166858 0.093769 0.686645
4 0.414511 0.677171 0.048249 0.039157 0.261258
4 0.777436 0.844593 0.234061 0.191954 0.225403
4 0.488193 0.742732 0.459644 0.135275 0.201673
4 0.410522 0.679301 0.059312 0.048971 0.164735
4 0.778119 0.878188 0.150479 0.130302 0.153511
4 0.369874 0.752197 0.732693 0.169373 0.138081
2 0.800793 0.854496 0.243087 0.192288 0.122744
4 0.361194 0.799231 0.720370 0.277300 0.121112
4 0.508095 0.692351 0.109293 0.045003 0.121042
4 0.601663 0.865415 0.107337 0.091998 0.119860
4 0.546910 0.695264 0.185177 0.057136 0.105679
4 0.524385 0.693908 0.143665 0.050670 0.097693
4 0.734353 0.776645 0.063484 0.043450 0.082551
4 0.351563 0.745094 0.133705 0.053645 0.076656
4 0.348098 0.751518 0.176930 0.070975 0.070973
4 0.214057 0.800393 0.427765 0.316491 0.065783
4 0.116971 0.800697 0.233567 0.305311 0.063073
