0 0.316997 0.593248 0.143309 0.479555 0.691463
0 0.416827 0.134512 0.140732 0.267286 0.281713
0 0.446549 0.132400 0.198434 0.264518 0.235703
0 0.785024 0.875016 0.082954 0.248376 0.193992
0 0.969646 0.424778 0.060708 0.162815 0.105131
0 0.392061 0.137201 0.094291 0.267884 0.093168
0 0.950762 0.445401 0.097905 0.304777 0.082780
0 0.499267 0.132060 0.299451 0.264120 0.077416
0 0.969959 0.368411 0.060081 0.268506 0.072346
0 0.975693 0.281226 0.048157 0.438282 0.057294
0 0.958694 0.370983 0.082613 0.289506 0.050980
