0 0.382978 0.694775 0.014048 0.048781 0.532118
1 0.287257 0.872562 0.574515 0.063700 0.434522
0 0.411764 0.704953 0.023809 0.167011 0.384686
0 0.390861 0.884501 0.024359 0.227964 0.347933
0 0.099311 0.727479 0.198243 0.176144 0.312662
0 0.402729 0.815220 0.043272 0.369559 0.190256
1 0.219434 0.869262 0.438137 0.071740 0.189436
1 0.452362 0.888250 0.254389 0.039110 0.186206
0 0.379619 0.558810 0.020526 0.033336 0.184720
1 0.495250 0.890730 0.162975 0.032404 0.180408
0 0.410269 0.738447 0.022686 0.097474 0.179924
0 0.408670 0.752616 0.020100 0.067039 0.164541
0 0.384061 0.691002 0.016407 0.060472 0.153648
0 0.412075 0.676465 0.021492 0.100493 0.144716
1 0.288151 0.885029 0.576302 0.056278 0.135299
1 0.420373 0.892428 0.319885 0.040299 0.129345
1 0.287134 0.885407 0.574268 0.039663 0.126708
0 0.405976 0.760225 0.038202 0.255741 0.107429
0 0.383803 0.628241 0.014230 0.035412 0.100144
0 0.384608 0.635565 0.015129 0.042584 0.098427
0 0.409099 0.649594 0.014433 0.051375 0.090913
0 0.406891 0.858362 0.022382 0.283276 0.084015
0 0.386392 0.882234 0.015295 0.209375 0.077437
0 0.376133 0.553640 0.021037 0.029956 0.076103
1 0.118442 0.865387 0.233220 0.056207 0.075728
0 0.383249 0.563967 0.020316 0.039564 0.075352
1 0.238312 0.884653 0.349636 0.034231 0.069128
0 0.398324 0.852339 0.034016 0.295322 0.066859
0 0.406491 0.635322 0.014407 0.049735 0.063877
0 0.395858 0.704636 0.037974 0.132488 0.063230
0 0.410463 0.848920 0.022453 0.302159 0.061877
1 0.454437 0.892075 0.240255 0.028058 0.057266
0 0.389457 0.573001 0.017168 0.035078 0.055657
1 0.459258 0.858344 0.166948 0.106715 0.053457
0 0.163853 0.668161 0.090674 0.077436 0.051189
1 0.395081 0.888605 0.201960 0.022194 0.050924
