2 0.204242 0.630651 0.325269 0.173148 0.771771
1 0.839374 0.657706 0.081739 0.021551 0.326662
1 0.785282 0.736070 0.090799 0.021844 0.209513
1 0.914055 0.634295 0.110913 0.026530 0.168645
1 0.974402 0.678660 0.051196 0.028165 0.138387
0 0.709720 0.722292 0.041891 0.050530 0.128599
3 0.827296 0.595870 0.345408 0.222871 0.082357
1 0.718966 0.619727 0.217904 0.037057 0.080311
1 0.778501 0.622759 0.388303 0.050005 0.065914
0 0.670065 0.536858 0.042148 0.048547 0.064355
1 0.974130 0.683846 0.051516 0.042293 0.053322
1 0.853216 0.656175 0.113703 0.028039 0.050703
