0 0.362943 0.647003 0.042567 0.064151 0.772159
0 0.130797 0.967096 0.016887 0.056190 0.353957
0 0.172896 0.973032 0.017888 0.043416 0.140589
0 0.131277 0.961032 0.019863 0.065528 0.123209
0 0.234505 0.772362 0.191575 0.259824 0.115917
0 0.127537 0.965639 0.023799 0.060935 0.100097
0 0.310202 0.678570 0.045594 0.080637 0.095425
0 0.139009 0.960032 0.035616 0.071075 0.091411
0 0.170803 0.867580 0.061779 0.088794 0.078350
0 0.315159 0.661259 0.033498 0.043543 0.070038
0 0.157375 0.910706 0.073442 0.162174 0.056278
