0 0.187280 0.831819 0.224380 0.271152 0.751119
0 0.634581 0.838788 0.081960 0.131755 0.660294
1 0.108961 0.856006 0.096983 0.025746 0.509096
0 0.533682 0.686175 0.049010 0.112243 0.506320
1 0.756260 0.821066 0.226708 0.047762 0.415602
0 0.528473 0.674540 0.060544 0.131580 0.384275
1 0.079090 0.856043 0.158180 0.029568 0.330386
1 0.588908 0.854113 0.107372 0.025089 0.196641
1 0.641911 0.660087 0.243407 0.025438 0.127883
1 0.731602 0.824969 0.284458 0.059483 0.115535
0 0.587544 0.756116 0.172112 0.290074 0.075339
1 0.700527 0.833157 0.348295 0.078342 0.074835
1 0.706555 0.840804 0.341423 0.111171 0.070358
