3 0.803425 0.620555 0.062435 0.022253 0.617463
4 0.529947 0.644421 0.038370 0.020062 0.512286
4 0.458080 0.599529 0.033566 0.021477 0.330367
4 0.597437 0.931172 0.094704 0.131921 0.315714
4 0.588196 0.932418 0.133336 0.135165 0.281153
4 0.580287 0.957833 0.109616 0.084335 0.217590
4 0.526132 0.645025 0.049819 0.022385 0.185009
4 0.605108 0.898194 0.080885 0.063718 0.118149
4 0.462327 0.597254 0.048252 0.028145 0.081210
4 0.599293 0.953786 0.088935 0.091656 0.075661
3 0.803482 0.619601 0.066239 0.031064 0.058914
