2 0.333010 0.702026 0.078172 0.048475 0.609881
1 0.536006 0.883762 0.145459 0.024266 0.592324
1 0.334581 0.804288 0.198856 0.036970 0.297567
1 0.358182 0.910286 0.221668 0.034716 0.284147
0 0.419440 0.880735 0.058343 0.043937 0.241627
2 0.187689 0.950103 0.153127 0.098518 0.207512
1 0.609631 0.818295 0.081139 0.020526 0.199242
1 0.508935 0.819642 0.110457 0.023442 0.133814
2 0.400390 0.699878 0.205089 0.058177 0.116873
1 0.420084 0.878064 0.062319 0.039689 0.112813
2 0.287017 0.918349 0.353774 0.163302 0.110174
1 0.522928 0.883153 0.118641 0.020549 0.104577
1 0.352405 0.899848 0.235246 0.057337 0.088936
1 0.422002 0.872522 0.069259 0.029251 0.085982
0 0.618348 0.889657 0.136966 0.193057 0.080578
3 0.773677 0.850081 0.452646 0.299838 0.079532
1 0.195153 0.976811 0.166718 0.039430 0.059507
