0 0.843520 0.886399 0.233253 0.200076 0.770988
3 0.827001 0.421824 0.088065 0.021465 0.724171
3 0.194783 0.688864 0.389567 0.505013 0.721605
0 0.311279 0.742389 0.282779 0.460732 0.590988
0 0.453733 0.473430 0.059651 0.048005 0.316490
1 0.716697 0.487970 0.094712 0.024045 0.257789
1 0.610612 0.543161 0.420883 0.052456 0.242031
1 0.719608 0.540516 0.202091 0.050696 0.222600
2 0.718701 0.507250 0.184554 0.117342 0.138701
1 0.837533 0.487502 0.324934 0.043155 0.123148
1 0.898349 0.488576 0.202432 0.035038 0.107925
2 0.704412 0.497993 0.140417 0.133783 0.081047
0 0.369622 0.634619 0.123779 0.225358 0.076847
0 0.398548 0.599894 0.195103 0.305115 0.064814
