2 0.311083 0.875251 0.429778 0.248848 0.602645
0 0.496295 0.744243 0.143946 0.087263 0.566265
0 0.587553 0.950942 0.122170 0.098108 0.331998
0 0.399515 0.932574 0.064611 0.134851 0.268642
0 0.618513 0.950673 0.181439 0.098655 0.267890
0 0.200214 0.874543 0.175526 0.250333 0.231090
2 0.194332 0.873809 0.197178 0.252382 0.192073
0 0.421310 0.875246 0.105906 0.248487 0.136365
0 0.335630 0.754370 0.028272 0.071580 0.120159
2 0.446247 0.801587 0.098842 0.111535 0.096446
0 0.227834 0.873608 0.112295 0.251839 0.083708
0 0.417734 0.927422 0.097988 0.145155 0.078416
1 0.556283 0.797962 0.181013 0.036242 0.075264
1 0.531717 0.798503 0.165711 0.030935 0.060154
0 0.663636 0.950738 0.271004 0.098524 0.055721
