1 0.518179 0.382929 0.411754 0.057321 0.724180
0 0.264933 0.154529 0.050814 0.307901 0.681380
0 0.205683 0.537373 0.070752 0.398600 0.260751
0 0.223437 0.659018 0.121915 0.659803 0.215409
2 0.262729 0.389192 0.112917 0.140389 0.181394
0 0.182394 0.878890 0.049222 0.242220 0.136393
0 0.858871 0.504752 0.280536 0.285741 0.113560
0 0.197568 0.586923 0.058295 0.290456 0.106488
0 0.302799 0.851382 0.058368 0.297235 0.099923
2 0.770436 0.443301 0.103224 0.171382 0.098478
0 0.236444 0.535027 0.139641 0.424817 0.084256
0 0.218466 0.520572 0.090781 0.397276 0.070125
0 0.896135 0.581983 0.206481 0.136981 0.062376
