0 0.262780 0.665890 0.044856 0.277992 0.659343
1 0.392265 0.759843 0.456652 0.157088 0.622034
0 0.069356 0.636376 0.112753 0.076782 0.445004
1 0.390940 0.783727 0.468022 0.109580 0.412415
1 0.389917 0.800596 0.470364 0.074306 0.325407
0 0.064697 0.647186 0.123504 0.100168 0.319361
1 0.036086 0.809505 0.072173 0.032501 0.271781
2 0.062300 0.651578 0.123530 0.106450 0.165659
1 0.153094 0.715935 0.076298 0.018790 0.119135
1 0.572519 0.806216 0.112609 0.037547 0.118907
0 0.488175 0.714989 0.074357 0.070868 0.099071
1 0.034037 0.819149 0.068074 0.049881 0.093599
2 0.061046 0.772704 0.122091 0.346682 0.087565
1 0.040198 0.806983 0.080395 0.024090 0.070174
1 0.055126 0.681102 0.109588 0.043725 0.069339
