4 0.652756 0.808069 0.232768 0.080628 0.801721
4 0.790321 0.694627 0.168625 0.066652 0.602981
4 0.357440 0.717624 0.178258 0.056089 0.583452
4 0.687749 0.730612 0.070278 0.040790 0.561137
4 0.588784 0.677135 0.132866 0.046720 0.446234
2 0.588354 0.836665 0.813099 0.287108 0.406172
2 0.703331 0.842484 0.593339 0.272495 0.313051
0 0.586002 0.727498 0.024549 0.102250 0.180080
4 0.734749 0.680259 0.071820 0.044939 0.165406
4 0.464863 0.669907 0.101657 0.053714 0.164972
4 0.970415 0.848114 0.059157 0.036253 0.140907
4 0.720652 0.679016 0.100010 0.049450 0.112472
4 0.934101 0.751822 0.131696 0.072200 0.091146
4 0.472679 0.674571 0.084055 0.049433 0.074008
4 0.831108 0.709379 0.085578 0.040759 0.069168
4 0.478466 0.667737 0.090297 0.053612 0.064958
4 0.942105 0.832734 0.115323 0.072111 0.061359
4 0.915618 0.741172 0.082108 0.037865 0.056144
4 0.966394 0.843595 0.067213 0.048912 0.053858
