0 0.135128 0.848007 0.171862 0.291752 0.850387
0 0.404366 0.892519 0.028356 0.210793 0.775553
0 0.292702 0.867007 0.069598 0.257011 0.660344
0 0.226193 0.875560 0.047492 0.236524 0.640410
0 0.284684 0.597076 0.018150 0.049629 0.336896
0 0.397010 0.689237 0.027920 0.133044 0.324471
0 0.261420 0.685509 0.056760 0.073723 0.320447
0 0.306991 0.782575 0.096479 0.424580 0.298995
0 0.395139 0.600722 0.017084 0.052963 0.267197
0 0.316134 0.688329 0.076694 0.197069 0.203111
0 0.393584 0.596294 0.021408 0.062135 0.170906
0 0.402694 0.726645 0.016402 0.055154 0.155177
0 0.327655 0.656368 0.057415 0.176399 0.152773
0 0.400502 0.719297 0.021545 0.072980 0.143309
0 0.346025 0.978493 0.013755 0.040245 0.134150
0 0.266069 0.675627 0.064703 0.091108 0.119031
0 0.299252 0.836898 0.080347 0.315902 0.116128
0 0.398623 0.610441 0.021160 0.072050 0.107001
0 0.311125 0.632526 0.029391 0.122343 0.106125
0 0.341332 0.552047 0.017455 0.061127 0.106124
0 0.305144 0.661164 0.014684 0.056990 0.102495
0 0.339370 0.545152 0.016728 0.052699 0.097216
0 0.255436 0.697076 0.048614 0.075635 0.093527
0 0.332962 0.558622 0.022739 0.081079 0.092692
0 0.306249 0.653135 0.018843 0.081326 0.087362
0 0.403270 0.732319 0.019473 0.070182 0.086542
0 0.316466 0.595696 0.023155 0.067721 0.084815
0 0.333643 0.583928 0.041753 0.090172 0.083845
0 0.319348 0.586806 0.017231 0.054322 0.081753
0 0.398885 0.655679 0.021729 0.112819 0.079683
0 0.336150 0.548876 0.017280 0.064880 0.078047
0 0.396524 0.667380 0.023003 0.118978 0.077562
0 0.401157 0.711479 0.025826 0.117838 0.069059
0 0.324384 0.576346 0.030137 0.078049 0.068483
0 0.279362 0.650174 0.090340 0.148910 0.067306
0 0.315692 0.636553 0.036959 0.147745 0.065154
0 0.312786 0.725700 0.067663 0.131369 0.063578
0 0.257052 0.697374 0.057697 0.100704 0.063386
0 0.350865 0.566092 0.017187 0.052998 0.062896
0 0.352728 0.576266 0.013404 0.042268 0.059384
0 0.229081 0.606145 0.062663 0.066258 0.058382
0 0.389568 0.588252 0.026570 0.061770 0.057133
0 0.397407 0.662345 0.029394 0.182418 0.057016
0 0.326740 0.570620 0.023735 0.072599 0.055196
0 0.304200 0.639147 0.084588 0.167519 0.054708
0 0.294414 0.608679 0.035630 0.082047 0.050512
0 0.318815 0.643563 0.074658 0.193298 0.050364
0 0.243139 0.726311 0.023366 0.037393 0.050282
