0 0.420490 0.737818 0.016583 0.069597 0.474191
0 0.405812 0.648201 0.014819 0.044703 0.164717
0 0.386572 0.650470 0.015268 0.041900 0.099000
0 0.390323 0.652716 0.022943 0.041473 0.084183
0 0.396526 0.560298 0.012884 0.024598 0.081268
1 0.280499 0.680106 0.338720 0.024764 0.074384
2 0.396195 0.647420 0.032910 0.050031 0.073107
1 0.282293 0.675809 0.343805 0.024642 0.072275
0 0.396069 0.651348 0.030171 0.049994 0.069961
3 0.684111 0.622179 0.046839 0.022530 0.068112
0 0.395684 0.706289 0.011415 0.024584 0.061496
1 0.433796 0.670006 0.079831 0.013558 0.061416
0 0.413780 0.736479 0.029754 0.073756 0.060262
0 0.402387 0.651968 0.021279 0.044424 0.059078
0 0.403344 0.596475 0.012552 0.035543 0.055653
1 0.408389 0.670480 0.134155 0.014961 0.052917
