2 0.818482 0.873232 0.362584 0.253304 0.657145
2 0.801140 0.827443 0.395834 0.344778 0.457575
1 0.574559 0.935968 0.325244 0.064791 0.447035
1 0.850456 0.698514 0.276184 0.044481 0.414007
2 0.769369 0.615756 0.124175 0.036936 0.277724
2 0.058394 0.808101 0.116458 0.074961 0.244951
1 0.800808 0.690259 0.383270 0.068060 0.234675
2 0.057316 0.818335 0.114633 0.108526 0.139534
3 0.067396 0.975414 0.134792 0.049172 0.082844
2 0.798433 0.685935 0.399121 0.100608 0.078967
2 0.056010 0.861941 0.112020 0.206484 0.073507
4 0.070420 0.974525 0.140839 0.050950 0.054436
2 0.798733 0.716099 0.398597 0.152620 0.050483
