3 0.567778 0.715378 0.344858 0.136173 0.604659
3 0.494813 0.715316 0.989625 0.127939 0.341232
3 0.393684 0.713454 0.779880 0.106533 0.262580
0 0.612014 0.878976 0.101055 0.242048 0.173959
2 0.631199 0.851130 0.184675 0.297741 0.158489
3 0.662808 0.716451 0.668611 0.133360 0.152839
1 0.284429 0.711023 0.568859 0.048893 0.144292
0 0.619916 0.869377 0.135703 0.261246 0.120423
0 0.499843 0.605103 0.040129 0.081302 0.099348
2 0.726930 0.719258 0.544034 0.128549 0.095904
0 0.606596 0.888794 0.068579 0.222413 0.093295
2 0.871711 0.725597 0.251763 0.067355 0.080791
2 0.757998 0.831391 0.482576 0.337217 0.061238
