0 0.383517 0.815740 0.092719 0.365476 0.539977
0 0.865679 0.759493 0.268466 0.206461 0.530648
0 0.634978 0.812661 0.207242 0.372322 0.493313
1 0.898128 0.935028 0.203123 0.039381 0.424408
1 0.687021 0.710076 0.140180 0.030023 0.246774
0 0.363631 0.817788 0.138816 0.360930 0.240011
0 0.860312 0.701009 0.162461 0.101502 0.175714
0 0.572634 0.722271 0.085282 0.196441 0.167063
0 0.883101 0.730564 0.230911 0.160479 0.149433
1 0.898212 0.929162 0.203340 0.059062 0.136127
0 0.690224 0.898585 0.108743 0.202829 0.113482
