0 0.574616 0.841137 0.241458 0.316983 0.488896
1 0.333517 0.698581 0.167248 0.037404 0.398169
1 0.388444 0.610288 0.186260 0.036520 0.321688
2 0.396301 0.588205 0.202478 0.091706 0.194194
1 0.390288 0.680925 0.245850 0.040994 0.151267
1 0.338518 0.674058 0.157434 0.027129 0.116820
0 0.618364 0.840319 0.348572 0.319363 0.100829
2 0.510922 0.783033 0.522422 0.430420 0.069904
0 0.456260 0.585263 0.068159 0.096649 0.067903
2 0.423428 0.583000 0.141524 0.102310 0.064384
1 0.376468 0.688599 0.254159 0.052160 0.055426
