2 0.769052 0.822641 0.459850 0.174424 0.546668
2 0.695733 0.771681 0.330881 0.075477 0.134912
4 0.456443 0.778807 0.094800 0.205978 0.121351
2 0.720184 0.787606 0.368865 0.102623 0.107166
2 0.714413 0.813649 0.349112 0.160797 0.091956
4 0.474629 0.684825 0.048629 0.079833 0.088822
0 0.457893 0.761064 0.094255 0.239081 0.087161
2 0.852136 0.858831 0.295182 0.123596 0.078265
4 0.453566 0.682732 0.094011 0.103814 0.066852
2 0.691561 0.759791 0.332860 0.066456 0.066782
0 0.473652 0.685222 0.048292 0.082993 0.060021
4 0.469486 0.684835 0.069134 0.108044 0.054741
