2 0.444490 0.653860 0.068566 0.194456 0.458897
0 0.499362 0.869949 0.039882 0.158433 0.335034
0 0.569652 0.894181 0.082390 0.196457 0.324939
2 0.468550 0.780100 0.116381 0.427150 0.308697
0 0.500919 0.890743 0.037667 0.117012 0.272195
0 0.449453 0.932261 0.040770 0.132371 0.268331
0 0.504949 0.712076 0.034942 0.118687 0.266466
0 0.450378 0.908090 0.046747 0.177523 0.219282
0 0.502389 0.693100 0.037857 0.151530 0.138676
0 0.457272 0.900016 0.055678 0.199591 0.105821
2 0.458175 0.669036 0.096192 0.222468 0.068272
0 0.577298 0.911272 0.072307 0.164631 0.057377
0 0.486501 0.876754 0.065794 0.189687 0.055675
0 0.559645 0.874309 0.098013 0.230217 0.051959
