0 0.343944 0.817808 0.102701 0.364384 0.716275
0 0.469502 0.630160 0.024310 0.057929 0.537468
1 0.673171 0.695231 0.195095 0.025742 0.533348
0 0.106109 0.857255 0.148290 0.179324 0.402927
1 0.471057 0.716220 0.179290 0.034830 0.339872
0 0.697612 0.826388 0.297597 0.330267 0.297589
0 0.263788 0.664860 0.085168 0.111499 0.284222
0 0.912677 0.688674 0.173408 0.075916 0.246039
0 0.642547 0.774114 0.177980 0.196202 0.207161
0 0.910621 0.711823 0.178542 0.122437 0.170819
1 0.318530 0.728183 0.626342 0.057515 0.157855
0 0.875677 0.684176 0.248572 0.110446 0.140079
1 0.259840 0.740589 0.117340 0.022800 0.129759
0 0.898300 0.693190 0.203400 0.101312 0.122787
1 0.269959 0.737809 0.539918 0.050326 0.105807
0 0.244971 0.691054 0.045901 0.067662 0.100352
1 0.212500 0.744268 0.231454 0.031351 0.096872
1 0.396790 0.716282 0.750992 0.074518 0.090990
0 0.611061 0.751574 0.249005 0.241403 0.090566
1 0.164014 0.740893 0.328028 0.041830 0.079780
0 0.879006 0.703644 0.241988 0.162309 0.079295
0 0.123150 0.839113 0.103943 0.147823 0.060772
1 0.343661 0.723419 0.438648 0.054781 0.058260
0 0.466743 0.620320 0.033266 0.077942 0.058044
