2 0.612566 0.951836 0.123438 0.096046 0.455360
2 0.876668 0.957337 0.242975 0.085326 0.232245
0 0.356223 0.947855 0.097729 0.104290 0.202840
0 0.340166 0.945548 0.137191 0.108492 0.154022
2 0.639742 0.951397 0.185749 0.097206 0.152248
0 0.831233 0.958498 0.156754 0.080971 0.146492
2 0.763895 0.951584 0.463022 0.096725 0.132646
0 0.864687 0.957535 0.223419 0.084651 0.124107
0 0.314710 0.946249 0.194479 0.107221 0.083188
3 0.445683 0.875072 0.324975 0.064837 0.060221
2 0.360473 0.947002 0.099063 0.105996 0.060163
2 0.696275 0.952071 0.296276 0.095858 0.054672
