4 0.488299 0.619757 0.191313 0.062332 0.560296
2 0.361497 0.737144 0.722609 0.308699 0.317386
4 0.545049 0.626847 0.074715 0.046922 0.283947
4 0.306799 0.563910 0.153910 0.069016 0.247673
4 0.482200 0.528341 0.167544 0.055433 0.236502
4 0.526520 0.527697 0.088905 0.051603 0.160833
4 0.433743 0.613840 0.079351 0.046995 0.099027
2 0.268409 0.770254 0.534523 0.387319 0.085864
4 0.337641 0.574446 0.089603 0.045827 0.082043
4 0.328962 0.562441 0.114091 0.063067 0.081449
4 0.348418 0.580376 0.067728 0.039507 0.069568
4 0.301950 0.574031 0.173617 0.069630 0.063907
4 0.529251 0.626181 0.110474 0.051339 0.057656
