4 0.666005 0.676187 0.157332 0.059668 0.620254
4 0.268142 0.866356 0.534791 0.264460 0.568705
4 0.500801 0.742776 0.118543 0.057245 0.553198
4 0.786858 0.794897 0.146132 0.071269 0.461219
4 0.795400 0.816408 0.172385 0.131040 0.313325
4 0.861872 0.914226 0.101352 0.041775 0.263375
4 0.401682 0.869744 0.235782 0.152663 0.261375
4 0.485786 0.746954 0.075293 0.033375 0.196449
4 0.877945 0.913658 0.133847 0.045502 0.157866
4 0.592315 0.675120 0.308477 0.072907 0.153322
0 0.494741 0.890737 0.123676 0.170894 0.122333
4 0.797980 0.738131 0.061581 0.038634 0.108587
4 0.487178 0.680903 0.162212 0.074962 0.097863
4 0.888376 0.909487 0.167939 0.055123 0.080156
4 0.369183 0.859863 0.306602 0.176342 0.078974
4 0.484522 0.749418 0.087107 0.043121 0.076906
4 0.808217 0.851716 0.141573 0.072897 0.059559
4 0.612299 0.839725 0.124718 0.094779 0.056863
