3 0.755216 0.853395 0.274209 0.293211 0.710919
2 0.918786 0.870807 0.162306 0.250294 0.551908
0 0.437399 0.600623 0.052884 0.175068 0.537175
0 0.279075 0.890993 0.356450 0.217379 0.413413
0 0.672711 0.678948 0.081704 0.030784 0.311594
1 0.797313 0.661842 0.098812 0.030802 0.298215
3 0.119552 0.622574 0.058203 0.018943 0.286134
1 0.498192 0.645693 0.108879 0.032410 0.266245
0 0.437169 0.615391 0.042972 0.146717 0.247104
1 0.672814 0.679253 0.082530 0.030070 0.245253
2 0.281280 0.890199 0.357082 0.218925 0.219141
0 0.223464 0.869758 0.040365 0.065662 0.131057
2 0.917825 0.834028 0.164350 0.176259 0.114950
1 0.494396 0.644158 0.094793 0.025432 0.103571
0 0.396918 0.936381 0.096069 0.127237 0.090432
1 0.237428 0.829577 0.301438 0.083657 0.081093
2 0.238023 0.839169 0.307230 0.113466 0.076656
3 0.809296 0.857813 0.377232 0.283886 0.073839
0 0.917595 0.822541 0.164811 0.153549 0.071140
0 0.329162 0.892948 0.242416 0.214104 0.068369
1 0.117456 0.822667 0.135533 0.029214 0.065478
3 0.099944 0.724859 0.199719 0.199575 0.054420
3 0.114124 0.622835 0.072208 0.022500 0.053499
