0 0.607605 0.926296 0.081192 0.141813 0.470606
0 0.524897 0.761094 0.088313 0.185286 0.430680
0 0.612738 0.854163 0.029628 0.045469 0.284285
0 0.495451 0.710431 0.026419 0.085025 0.274915
1 0.159939 0.737873 0.235339 0.037010 0.212548
0 0.544298 0.800272 0.049936 0.108727 0.209928
0 0.583533 0.850330 0.032655 0.044947 0.199366
0 0.610996 0.945941 0.077329 0.105643 0.164643
0 0.624236 0.966197 0.052719 0.065591 0.136010
0 0.458941 0.665475 0.016287 0.033764 0.124203
0 0.618737 0.956512 0.062083 0.083208 0.113214
0 0.630865 0.974823 0.037644 0.048837 0.104960
0 0.456228 0.677594 0.013954 0.044763 0.104630
0 0.464059 0.663192 0.020354 0.026166 0.086556
0 0.454118 0.652615 0.032412 0.042755 0.077182
0 0.448190 0.643894 0.035691 0.053377 0.075638
0 0.500263 0.719071 0.036001 0.101750 0.072136
0 0.460757 0.654711 0.027196 0.038263 0.070882
0 0.446435 0.638427 0.044754 0.079403 0.050986
