0 0.331649 0.731416 0.163143 0.292414 0.816211
1 0.145052 0.808944 0.287055 0.079439 0.526028
0 0.712411 0.866453 0.208782 0.252235 0.402412
1 0.705628 0.949003 0.157190 0.040242 0.362104
0 0.299472 0.789360 0.231394 0.408354 0.357876
2 0.705683 0.869647 0.227821 0.258347 0.340668
1 0.708047 0.959002 0.165146 0.061871 0.225702
0 0.143118 0.820226 0.284955 0.107727 0.122021
1 0.145624 0.796926 0.283247 0.056468 0.097698
0 0.027071 0.844099 0.051035 0.061649 0.072237
0 0.026504 0.865537 0.052920 0.105716 0.050155
