4 0.237012 0.849291 0.472375 0.299150 0.842394
4 0.646696 0.736722 0.040680 0.035062 0.185580
4 0.496610 0.693003 0.048567 0.032115 0.128691
4 0.549019 0.697846 0.055800 0.042038 0.114886
4 0.530233 0.697695 0.094830 0.047105 0.104525
4 0.498226 0.701170 0.057591 0.052657 0.097929
4 0.640468 0.698666 0.109007 0.061347 0.094654
4 0.512333 0.696350 0.085923 0.043402 0.088033
4 0.646847 0.740425 0.045216 0.046669 0.064909
4 0.516920 0.702968 0.102921 0.063287 0.063111
4 0.659733 0.700938 0.149199 0.068278 0.052376
