3 0.730620 0.833957 0.243217 0.313417 0.753913
0 0.393802 0.824399 0.203579 0.347289 0.699457
0 0.872767 0.932677 0.184478 0.134646 0.535770
3 0.156745 0.773252 0.313480 0.355285 0.509107
0 0.545407 0.611458 0.053740 0.112962 0.430964
1 0.633728 0.827570 0.151457 0.032554 0.426286
0 0.912041 0.787548 0.175613 0.245718 0.242279
0 0.733843 0.659320 0.124914 0.082048 0.231779
0 0.464042 0.734018 0.063175 0.163151 0.223984
0 0.905421 0.754230 0.188846 0.199513 0.176989
0 0.918909 0.829300 0.162107 0.315789 0.168523
0 0.551829 0.626972 0.040948 0.084469 0.104196
0 0.752471 0.669900 0.087491 0.059808 0.094801
0 0.938303 0.846780 0.123394 0.303004 0.083601
