1 0.446626 0.070799 0.688605 0.084519 0.618783
1 0.539445 0.073236 0.500057 0.079995 0.548940
1 0.194383 0.725227 0.388766 0.183172 0.476351
0 0.109900 0.594243 0.095375 0.153990 0.450845
1 0.316134 0.800803 0.150752 0.044697 0.246038
0 0.198349 0.735064 0.387864 0.171399 0.133796
1 0.214140 0.061756 0.202398 0.058810 0.119807
1 0.053513 0.277158 0.107025 0.061181 0.101111
0 0.123628 0.712831 0.246822 0.157260 0.065739
1 0.690200 0.060527 0.204431 0.052325 0.060602
1 0.031812 0.646926 0.063590 0.052334 0.059038
0 0.044462 0.891706 0.088708 0.148747 0.057653
1 0.052579 0.259525 0.104688 0.090730 0.055302
