1 0.212112 0.893087 0.252935 0.043812 0.702613
1 0.096289 0.691924 0.172445 0.030254 0.600117
2 0.626513 0.807764 0.637757 0.384473 0.554892
1 0.239149 0.743283 0.154867 0.030487 0.444944
1 0.811641 0.843702 0.224958 0.038083 0.437977
2 0.701891 0.708290 0.312092 0.173285 0.412796
1 0.132241 0.605323 0.179816 0.031670 0.300932
1 0.033612 0.942504 0.067091 0.035822 0.207680
2 0.466749 0.811219 0.324068 0.377561 0.127221
1 0.822590 0.848121 0.264930 0.047361 0.105044
1 0.152833 0.606718 0.145993 0.025447 0.067371
1 0.035658 0.935270 0.071257 0.049316 0.057277
2 0.789035 0.806425 0.412635 0.369926 0.054281
