3 0.849806 0.964856 0.217447 0.069651 0.792441
3 0.717675 0.731410 0.361947 0.363240 0.612361
4 0.204407 0.718857 0.040699 0.030728 0.584510
4 0.957686 0.778322 0.056597 0.030107 0.582622
2 0.516189 0.899525 0.736220 0.200949 0.321165
2 0.248688 0.704515 0.379798 0.210346 0.248436
2 0.857435 0.750884 0.283352 0.177491 0.193775
2 0.516534 0.928741 0.689298 0.141568 0.192858
4 0.895721 0.700036 0.037048 0.023958 0.190165
3 0.016804 0.742226 0.033608 0.031868 0.139220
4 0.202160 0.718845 0.050502 0.035985 0.122264
2 0.259712 0.800315 0.390871 0.399371 0.113879
2 0.521876 0.839508 0.809302 0.320983 0.108829
2 0.557152 0.938971 0.398907 0.122059 0.107464
3 0.113706 0.601494 0.077894 0.022615 0.102473
4 0.958054 0.779758 0.063623 0.038689 0.088365
2 0.269909 0.763253 0.328230 0.288275 0.071236
2 0.877739 0.786834 0.241650 0.095087 0.069351
3 0.686459 0.698403 0.288397 0.283758 0.068136
1 0.928289 0.872010 0.143423 0.043846 0.059189
2 0.768795 0.791705 0.462409 0.406798 0.058895
2 0.371396 0.817098 0.543934 0.365427 0.055002
4 0.112847 0.601249 0.079276 0.023217 0.050715
