0 0.592354 0.885944 0.073868 0.228113 0.647537
0 0.793462 0.867325 0.160662 0.255077 0.640643
0 0.416136 0.912054 0.063333 0.161110 0.592903
0 0.229160 0.708286 0.128098 0.102352 0.455090
0 0.256558 0.686611 0.183557 0.140106 0.411261
0 0.794765 0.805888 0.153789 0.130267 0.364681
0 0.612559 0.594252 0.042480 0.079133 0.315509
0 0.966458 0.762883 0.067085 0.125396 0.105632
0 0.965396 0.735950 0.069159 0.070461 0.098974
0 0.426223 0.914139 0.093216 0.170520 0.085105
0 0.571250 0.884894 0.114470 0.230211 0.056655
0 0.296650 0.656879 0.112756 0.087293 0.054759
