4 0.883603 0.885373 0.232524 0.084976 0.625426
4 0.637315 0.660777 0.139858 0.052599 0.535850
4 0.316395 0.853464 0.626053 0.290416 0.484554
4 0.499972 0.714882 0.102963 0.049243 0.435434
4 0.728851 0.749099 0.118850 0.074454 0.419993
4 0.501461 0.714498 0.092102 0.037888 0.303992
4 0.397994 0.904028 0.537896 0.188585 0.179063
4 0.575579 0.659024 0.265667 0.061764 0.137479
4 0.456264 0.795993 0.161003 0.095521 0.089173
4 0.370876 0.868351 0.365365 0.261728 0.087717
4 0.076955 0.864771 0.153909 0.215490 0.078626
4 0.435192 0.925804 0.399970 0.147047 0.076172
4 0.730325 0.744195 0.113831 0.053071 0.073219
4 0.505643 0.920582 0.331791 0.143268 0.064629
4 0.064812 0.854745 0.129624 0.125375 0.053262
4 0.080382 0.831796 0.160651 0.165919 0.052901
