0 0.305783 0.746139 0.087316 0.133702 0.266194
0 0.032459 0.811965 0.064917 0.092093 0.233401
1 0.737833 0.793216 0.197980 0.048415 0.189412
1 0.446824 0.837275 0.479477 0.080534 0.141927
0 0.044816 0.799371 0.089336 0.113040 0.137245
0 0.298577 0.754914 0.070814 0.114039 0.125647
1 0.331704 0.823926 0.247203 0.053214 0.118682
1 0.023694 0.784929 0.047388 0.025321 0.064090
1 0.721856 0.794587 0.168471 0.037396 0.062472
2 0.346617 0.749365 0.211790 0.139840 0.060138
0 0.064020 0.787870 0.127807 0.131959 0.059895
