2 0.246287 0.854389 0.183246 0.254188 0.725240
0 0.457421 0.945807 0.017922 0.096473 0.416138
0 0.436918 0.754339 0.052413 0.206313 0.369805
0 0.343172 0.803950 0.029145 0.146432 0.272229
0 0.316427 0.666510 0.041142 0.082821 0.216026
0 0.433204 0.740312 0.042806 0.174901 0.214270
2 0.352295 0.583758 0.036601 0.040439 0.135618
0 0.321481 0.662102 0.034103 0.082430 0.110294
2 0.343714 0.584977 0.027474 0.038492 0.103957
2 0.435225 0.754807 0.049866 0.205062 0.101441
0 0.265778 0.676942 0.037607 0.053990 0.078669
0 0.030363 0.902023 0.060726 0.184837 0.077486
2 0.211010 0.722862 0.129225 0.144807 0.074881
0 0.017841 0.918127 0.035682 0.153714 0.069863
0 0.339062 0.826265 0.022090 0.100038 0.063565
4 0.285011 0.763073 0.037367 0.046415 0.062579
0 0.346747 0.792244 0.024423 0.136470 0.061514
2 0.365744 0.580610 0.017019 0.035233 0.060490
0 0.033549 0.862417 0.066198 0.120536 0.060138
2 0.316305 0.662307 0.055602 0.102465 0.059541
2 0.359937 0.585304 0.032377 0.042212 0.059404
0 0.444117 0.831487 0.024305 0.052098 0.053992
0 0.439742 0.820265 0.058195 0.334780 0.053603
0 0.026675 0.885543 0.053201 0.125449 0.051004
