0 0.209291 0.409760 0.333045 0.568558 0.601289
0 0.842391 0.519597 0.261886 0.435751 0.401870
0 0.634743 0.262133 0.046014 0.095203 0.246821
1 0.499307 0.308134 0.290660 0.064134 0.246069
0 0.921367 0.683683 0.090896 0.142219 0.195333
1 0.612930 0.309251 0.504131 0.065058 0.191495
0 0.797452 0.517307 0.152960 0.417100 0.129510
3 0.830491 0.391837 0.338638 0.657961 0.104428
0 0.846796 0.452017 0.295856 0.573989 0.080055
0 0.784282 0.480804 0.132807 0.348399 0.073574
1 0.609125 0.295258 0.532889 0.092425 0.070073
0 0.639459 0.261715 0.059225 0.106023 0.050608
