0 0.055967 0.914723 0.110735 0.165509 0.791525
0 0.347089 0.765354 0.024824 0.143297 0.500240
0 0.218842 0.970490 0.050788 0.049161 0.477389
0 0.378136 0.677174 0.021913 0.058650 0.434229
0 0.249690 0.852395 0.109060 0.165353 0.357424
0 0.028820 0.809204 0.057640 0.131273 0.294629
0 0.292644 0.808315 0.021967 0.076171 0.258502
2 0.185023 0.641869 0.085702 0.082988 0.239840
0 0.349341 0.979387 0.025844 0.035669 0.216242
0 0.563926 0.908609 0.077981 0.171030 0.203764
2 0.197963 0.633879 0.112488 0.110470 0.201367
0 0.376390 0.667041 0.025578 0.080626 0.180043
0 0.026424 0.830602 0.052848 0.166125 0.160500
2 0.181404 0.640343 0.132777 0.108349 0.153185
0 0.028505 0.786624 0.056844 0.087379 0.152386
0 0.369215 0.603909 0.018587 0.061474 0.142682
0 0.252199 0.853750 0.098958 0.104590 0.137372
2 0.198391 0.629745 0.070591 0.068776 0.132874
2 0.197556 0.631375 0.090646 0.083773 0.129022
0 0.359149 0.735289 0.051427 0.202425 0.127610
0 0.355637 0.649793 0.012794 0.037033 0.126971
0 0.081035 0.705058 0.102614 0.074365 0.124155
0 0.319198 0.564344 0.016629 0.039348 0.121731
0 0.321860 0.567369 0.017537 0.041437 0.116988
0 0.212666 0.969045 0.070277 0.052821 0.115666
1 0.233403 0.853587 0.054362 0.032116 0.110568
2 0.164889 0.655654 0.142188 0.124907 0.101785
2 0.205170 0.619624 0.075983 0.069759 0.099572
0 0.280700 0.560805 0.021817 0.033359 0.098340
0 0.058546 0.717257 0.075777 0.057809 0.097484
0 0.277841 0.569533 0.020815 0.034047 0.096405
0 0.067676 0.710881 0.097059 0.069503 0.093346
2 0.183911 0.636275 0.070077 0.069391 0.090986
2 0.311686 0.563389 0.031074 0.060835 0.088196
0 0.093205 0.697306 0.114420 0.085592 0.087980
0 0.364372 0.590882 0.026919 0.062608 0.087678
0 0.101454 0.694229 0.068722 0.058038 0.086379
0 0.372407 0.648797 0.027457 0.113984 0.086298
2 0.211474 0.622335 0.110509 0.110473 0.084099
0 0.249759 0.875943 0.099439 0.064507 0.082790
2 0.287612 0.561911 0.065108 0.062483 0.075163
0 0.273395 0.574477 0.023309 0.038207 0.072692
0 0.357341 0.948931 0.047425 0.092050 0.071823
0 0.326475 0.577882 0.016571 0.039033 0.069240
2 0.255976 0.565757 0.056788 0.060790 0.068939
0 0.023240 0.859913 0.046480 0.215762 0.068574
0 0.202714 0.961695 0.077615 0.067735 0.068565
0 0.245075 0.561555 0.043709 0.040793 0.067296
2 0.141302 0.667675 0.174269 0.128821 0.066159
0 0.352481 0.939467 0.040248 0.062729 0.065380
2 0.176360 0.649190 0.079466 0.072220 0.064889
0 0.548383 0.878603 0.044613 0.104740 0.064348
1 0.291467 0.595117 0.156398 0.022261 0.062976
2 0.212635 0.620868 0.082434 0.054243 0.062894
0 0.558948 0.901519 0.063023 0.147204 0.062647
0 0.251036 0.558596 0.039843 0.039302 0.062227
0 0.363125 0.940491 0.061603 0.091922 0.061379
0 0.356765 0.655024 0.014598 0.046710 0.061064
0 0.200112 0.973406 0.071442 0.044740 0.060681
0 0.358963 0.578969 0.027950 0.053419 0.060334
2 0.226928 0.599320 0.095582 0.115458 0.060207
0 0.333071 0.586922 0.022181 0.038321 0.059446
0 0.245812 0.889491 0.099902 0.085726 0.056621
0 0.045875 0.723742 0.052911 0.046292 0.055456
0 0.271718 0.559859 0.030456 0.041684 0.055168
0 0.348467 0.961426 0.031111 0.067003 0.053446
0 0.348014 0.936423 0.031960 0.045789 0.053017
0 0.360949 0.623600 0.026812 0.076854 0.052663
0 0.106229 0.689108 0.085481 0.066090 0.052649
0 0.193828 0.946925 0.056111 0.095942 0.052350
0 0.232146 0.574896 0.025729 0.026000 0.050879
0 0.344984 0.979236 0.035334 0.037643 0.050153
