2 0.825463 0.844075 0.349074 0.203928 0.671965
0 0.499898 0.854966 0.087090 0.165244 0.367700
0 0.364339 0.790847 0.120508 0.101867 0.195379
2 0.442743 0.833088 0.319088 0.261331 0.149561
2 0.433344 0.876534 0.316383 0.197052 0.118445
0 0.511120 0.830498 0.114129 0.212780 0.118139
3 0.368012 0.788073 0.119860 0.107706 0.107244
2 0.518660 0.809409 0.169026 0.251255 0.092609
0 0.524390 0.809105 0.154293 0.253745 0.090363
0 0.381083 0.774809 0.098625 0.088205 0.052355
0 0.176246 0.923267 0.230484 0.153467 0.052129
