3 0.594439 0.947495 0.235371 0.104264 0.811482
3 0.663561 0.656786 0.110296 0.134636 0.581011
3 0.214347 0.757602 0.428695 0.466923 0.517147
1 0.257626 0.752613 0.150981 0.031366 0.351092
3 0.175837 0.809112 0.351674 0.376486 0.182525
1 0.216090 0.801696 0.155122 0.030504 0.142115
3 0.135397 0.841196 0.270794 0.313293 0.124823
3 0.647973 0.630367 0.139985 0.187113 0.121317
2 0.458054 0.957678 0.070134 0.081028 0.119674
1 0.215340 0.804277 0.170800 0.040772 0.114504
0 0.715354 0.968422 0.061354 0.063156 0.058430
