3 0.661248 0.751872 0.098837 0.030741 0.723689
1 0.800927 0.875030 0.313723 0.071964 0.647244
3 0.128783 0.646252 0.057899 0.016079 0.554979
1 0.429369 0.729939 0.106530 0.027245 0.507339
1 0.741502 0.861529 0.199179 0.045879 0.232678
1 0.265611 0.775577 0.218183 0.037103 0.159343
1 0.035428 0.838704 0.070830 0.039469 0.139850
1 0.210251 0.773630 0.108146 0.025739 0.131367
3 0.129546 0.647498 0.062139 0.021483 0.108799
1 0.567854 0.683458 0.147792 0.025719 0.105105
1 0.624080 0.798061 0.453684 0.042377 0.088615
1 0.435775 0.936142 0.151218 0.033853 0.064602
1 0.039428 0.832353 0.078857 0.045478 0.054047
1 0.275041 0.990949 0.165663 0.018102 0.053668
