4 0.588605 0.781357 0.150358 0.082062 0.620783
4 0.576347 0.677254 0.091572 0.049035 0.578691
4 0.642312 0.782735 0.265387 0.088998 0.552385
4 0.735681 0.669318 0.075164 0.057647 0.501440
4 0.689846 0.552003 0.189395 0.051168 0.292781
4 0.720563 0.723363 0.104462 0.037419 0.258770
4 0.706093 0.720901 0.134453 0.044160 0.212709
2 0.623414 0.739547 0.664121 0.182681 0.206423
4 0.963376 0.797224 0.073248 0.092179 0.168069
4 0.654378 0.712559 0.036736 0.025805 0.131549
2 0.829785 0.765970 0.336660 0.151703 0.125116
2 0.533421 0.737941 0.547831 0.199971 0.111092
4 0.742092 0.674146 0.056190 0.050283 0.092118
2 0.869654 0.766974 0.251589 0.129479 0.066371
4 0.657307 0.714669 0.042966 0.032781 0.064659
4 0.665517 0.782605 0.186820 0.082068 0.063492
4 0.716760 0.562357 0.239058 0.069333 0.060933
4 0.588267 0.678825 0.116398 0.055600 0.058222
4 0.962776 0.811022 0.074017 0.057497 0.054019
4 0.801162 0.598006 0.102111 0.051263 0.052609
