4 0.102422 0.715283 0.163360 0.061151 0.606988
4 0.456840 0.712602 0.111337 0.047690 0.596470
0 0.589167 0.823691 0.039902 0.144677 0.285214
2 0.401465 0.821933 0.800272 0.252332 0.272783
0 0.486540 0.814712 0.102769 0.195468 0.241294
4 0.093538 0.721642 0.182007 0.092021 0.157286
2 0.477525 0.824463 0.632257 0.215246 0.133050
4 0.438334 0.678641 0.084248 0.026239 0.117086
4 0.490694 0.817061 0.089336 0.181476 0.113403
2 0.677983 0.820424 0.248979 0.203000 0.094598
2 0.318981 0.833436 0.637497 0.301624 0.091633
2 0.584228 0.825642 0.428435 0.204820 0.068626
4 0.444891 0.697513 0.103990 0.067057 0.060176
