0 0.261666 0.713071 0.103616 0.183062 0.411173
0 0.214710 0.623744 0.038508 0.037244 0.312351
0 0.357501 0.648777 0.036938 0.043066 0.200854
1 0.369696 0.688630 0.174887 0.025551 0.199966
0 0.352477 0.647335 0.026853 0.037804 0.136424
0 0.220223 0.618311 0.049623 0.048938 0.115029
0 0.360509 0.655722 0.032539 0.039660 0.106586
1 0.374744 0.689691 0.165755 0.035986 0.100027
1 0.373210 0.678615 0.166366 0.053041 0.092933
0 0.357075 0.641276 0.038313 0.060438 0.075930
0 0.216228 0.623862 0.045713 0.050368 0.050324
