1 0.315346 0.566030 0.299149 0.063904 0.443019
0 0.697726 0.726636 0.094712 0.236988 0.375396
2 0.598193 0.554290 0.803613 0.560460 0.372095
0 0.534587 0.280323 0.069631 0.118382 0.351130
0 0.686697 0.313434 0.139285 0.165227 0.232246
1 0.272058 0.560495 0.214267 0.049715 0.140072
1 0.471708 0.424700 0.154969 0.042395 0.137007
1 0.853427 0.537087 0.290923 0.085184 0.135099
0 0.642251 0.627322 0.205139 0.422058 0.120081
0 0.956361 0.747122 0.086651 0.175141 0.109712
3 0.893723 0.248146 0.085442 0.023392 0.102857
3 0.913246 0.234461 0.123420 0.052959 0.092345
0 0.954758 0.719496 0.090485 0.114973 0.089914
0 0.688767 0.724347 0.066802 0.236228 0.088430
1 0.407779 0.582966 0.492915 0.098750 0.080544
0 0.917125 0.389882 0.165751 0.184322 0.069152
1 0.948059 0.723228 0.103450 0.126675 0.064508
1 0.869555 0.520261 0.260891 0.051723 0.051685
