2 0.788776 0.659756 0.274332 0.221239 0.939276
3 0.832905 0.254065 0.329931 0.169017 0.922800
4 0.684735 0.642273 0.034281 0.063083 0.847067
0 0.931919 0.474466 0.064512 0.168664 0.837558
4 0.880424 0.356610 0.032695 0.035263 0.780234
4 0.894431 0.590141 0.049200 0.078781 0.724983
0 0.386528 0.174581 0.104819 0.094098 0.722256
1 0.218601 0.582024 0.382466 0.041339 0.668954
1 0.679005 0.516018 0.492312 0.052643 0.548233
1 0.572400 0.240469 0.248362 0.043993 0.538406
0 0.330398 0.085660 0.028407 0.074435 0.482881
1 0.950644 0.389628 0.098713 0.022572 0.447194
0 0.423119 0.619662 0.022727 0.149322 0.429655
2 0.579615 0.659665 0.279068 0.218624 0.357935
0 0.625766 0.117077 0.017557 0.056549 0.344103
0 0.420360 0.622432 0.016332 0.128794 0.337685
0 0.325202 0.087086 0.019046 0.071551 0.256135
0 0.323115 0.090317 0.014108 0.065405 0.255501
1 0.932930 0.790036 0.133482 0.051593 0.235514
1 0.688937 0.526274 0.498294 0.053311 0.233433
0 0.429017 0.616016 0.032026 0.144031 0.178077
0 0.322427 0.082295 0.031277 0.078265 0.149411
2 0.925725 0.628244 0.148550 0.153858 0.146282
0 0.621393 0.098214 0.025062 0.090177 0.122134
2 0.923216 0.665454 0.153569 0.225172 0.113270
0 0.624683 0.102347 0.022391 0.088032 0.094591
1 0.942024 0.799054 0.115500 0.047867 0.075061
0 0.316503 0.082554 0.027179 0.085434 0.072522
1 0.929649 0.800292 0.140320 0.075185 0.067042
0 0.986093 0.741443 0.027814 0.124441 0.064003
1 0.951471 0.396286 0.096634 0.031357 0.055237
0 0.313649 0.067767 0.020590 0.058703 0.054281
