3 0.747441 0.813678 0.487682 0.371437 0.679574
1 0.883374 0.869992 0.230368 0.044461 0.594193
2 0.461544 0.847918 0.664605 0.304020 0.524533
3 0.199942 0.850677 0.239564 0.298468 0.489877
1 0.835651 0.778116 0.324275 0.044494 0.459457
3 0.199313 0.824144 0.304332 0.351712 0.351448
1 0.069332 0.930764 0.138496 0.035780 0.215527
1 0.949664 0.967777 0.099817 0.039949 0.159622
1 0.593970 0.901164 0.374091 0.073578 0.136626
1 0.067071 0.938144 0.133986 0.049017 0.080307
1 0.945541 0.969331 0.105749 0.026279 0.065640
1 0.464535 0.761524 0.345327 0.047890 0.054937
1 0.599523 0.904547 0.392084 0.108172 0.052529
1 0.945786 0.959717 0.107695 0.053440 0.051086
