0 0.367440 0.194604 0.081137 0.191378 0.789535
0 0.355960 0.602779 0.121371 0.631915 0.750595
0 0.508351 0.946163 0.166635 0.064902 0.343594
1 0.169962 0.180320 0.338150 0.043149 0.228406
0 0.527100 0.953727 0.198996 0.078806 0.188423
1 0.296321 0.168992 0.088029 0.022768 0.171383
0 0.968402 0.976198 0.062918 0.047605 0.134253
0 0.390891 0.961306 0.038709 0.077206 0.121629
0 0.380956 0.961069 0.056294 0.077710 0.115667
0 0.369591 0.961042 0.081668 0.077459 0.076668
0 0.484127 0.936575 0.114266 0.046381 0.072198
0 0.962909 0.967248 0.072755 0.065449 0.053536
0 0.359185 0.191394 0.057976 0.184960 0.052334
