0 0.768522 0.833287 0.065193 0.156523 0.789396
1 0.293744 0.886269 0.169468 0.055961 0.562349
0 0.936315 0.865937 0.127370 0.135924 0.197086
0 0.934267 0.840353 0.131465 0.083811 0.131621
1 0.934053 0.833243 0.131894 0.070300 0.115675
1 0.396847 0.724294 0.165162 0.040352 0.100215
0 0.960148 0.673566 0.079705 0.058884 0.087966
0 0.961335 0.688578 0.077330 0.087564 0.087401
0 0.904308 0.806622 0.189078 0.176603 0.059566
0 0.965424 0.712670 0.069013 0.133436 0.056826
1 0.786628 0.742187 0.087464 0.018859 0.055965
