3 0.473443 0.468756 0.401152 0.285386 0.984977
0 0.462836 0.802491 0.076207 0.126124 0.915187
0 0.460429 0.652103 0.075238 0.179077 0.861951
0 0.470297 0.295813 0.023573 0.066767 0.772410
1 0.137660 0.468871 0.274499 0.044252 0.673234
0 0.683177 0.189485 0.105954 0.096916 0.656439
1 0.726118 0.404189 0.110148 0.035830 0.601452
0 0.690587 0.167576 0.092349 0.048287 0.598661
0 0.527290 0.805017 0.039565 0.386403 0.492379
1 0.718554 0.405616 0.092098 0.027955 0.359027
0 0.535764 0.806308 0.057094 0.387384 0.199816
0 0.518060 0.678458 0.028190 0.134378 0.192064
1 0.122931 0.040757 0.171155 0.028255 0.064029
