0 0.291230 0.753043 0.147703 0.133710 0.599557
1 0.316168 0.806067 0.631970 0.105975 0.545843
1 0.231295 0.830363 0.462590 0.055271 0.300165
1 0.454002 0.799914 0.350996 0.089569 0.206100
1 0.390910 0.776390 0.514173 0.073536 0.168075
0 0.250172 0.896803 0.093586 0.204475 0.147688
1 0.414467 0.768970 0.446032 0.054010 0.138557
0 0.267180 0.855733 0.136005 0.286556 0.136596
1 0.536832 0.783144 0.156861 0.049751 0.113596
1 0.116815 0.830456 0.233630 0.045856 0.064782
1 0.204196 0.866735 0.392764 0.135410 0.060058
1 0.413555 0.756304 0.455314 0.050404 0.051152
