3 0.520073 0.614458 0.050548 0.055511 0.443829
2 0.745841 0.819919 0.470315 0.241854 0.406529
0 0.745144 0.838114 0.195197 0.201606 0.201478
3 0.692540 0.789291 0.095611 0.099573 0.168063
3 0.736433 0.833198 0.180808 0.189641 0.120559
2 0.681120 0.820933 0.334864 0.202311 0.119475
2 0.814104 0.844749 0.358738 0.204746 0.093341
2 0.853222 0.880073 0.292604 0.165524 0.080318
3 0.703039 0.797250 0.123452 0.124672 0.066122
3 0.780994 0.880959 0.127924 0.125652 0.063990
2 0.886173 0.891160 0.226971 0.174105 0.053360
3 0.795400 0.895657 0.149508 0.136124 0.050165
