2 0.638824 0.746926 0.233958 0.203142 0.492648
2 0.262264 0.770117 0.363515 0.242067 0.410571
0 0.489319 0.721081 0.105475 0.257899 0.402090
3 0.369539 0.659146 0.069962 0.050256 0.298541
4 0.488273 0.609973 0.126079 0.047570 0.291458
2 0.423247 0.759761 0.704337 0.234914 0.206610
4 0.481984 0.614456 0.110373 0.035188 0.109463
4 0.448622 0.613023 0.041954 0.027294 0.107506
3 0.376184 0.653987 0.079507 0.058027 0.097473
3 0.361371 0.663022 0.080157 0.054617 0.082887
4 0.496639 0.603578 0.110223 0.047085 0.053388
