3 0.201117 0.367950 0.400256 0.519874 0.970901
2 0.679917 0.486288 0.492852 0.233608 0.924304
2 0.513280 0.258737 0.190565 0.106583 0.822151
0 0.087830 0.813273 0.171283 0.372812 0.740920
4 0.415951 0.433911 0.026205 0.029519 0.737808
0 0.029225 0.669180 0.058169 0.098434 0.159195
1 0.953286 0.556005 0.093428 0.041982 0.127526
0 0.025562 0.812276 0.051124 0.372602 0.092184
1 0.958409 0.549180 0.082885 0.053316 0.084505
0 0.029367 0.691870 0.058734 0.144589 0.080174
1 0.938836 0.559029 0.122328 0.041851 0.065232
1 0.944221 0.551802 0.111558 0.052959 0.056037
