0 0.286421 0.705696 0.067174 0.136732 0.713305
0 0.420923 0.798333 0.044673 0.396885 0.652283
1 0.220479 0.807365 0.438729 0.052137 0.411841
0 0.391119 0.597659 0.012731 0.043915 0.304966
0 0.207125 0.653707 0.098246 0.082983 0.294357
0 0.293916 0.686373 0.080744 0.174855 0.264011
1 0.257626 0.808773 0.515252 0.064870 0.248565
0 0.186490 0.681993 0.134674 0.143399 0.246203
1 0.201518 0.817433 0.401956 0.054766 0.181683
0 0.128666 0.704677 0.247945 0.191329 0.087062
1 0.160982 0.805407 0.321964 0.029931 0.082443
0 0.390780 0.596323 0.015415 0.052125 0.077914
0 0.197868 0.661778 0.130758 0.119784 0.063585
0 0.210155 0.650479 0.118582 0.098649 0.061903
0 0.147390 0.733757 0.046103 0.044026 0.053769
0 0.144078 0.736739 0.055790 0.054875 0.052389
1 0.235577 0.807083 0.340488 0.040429 0.050208
