0 0.531369 0.683283 0.045270 0.072055 0.409424
2 0.856147 0.873053 0.284815 0.253743 0.405868
2 0.316076 0.903329 0.241571 0.192058 0.338173
2 0.396910 0.864551 0.413848 0.270897 0.326262
0 0.861270 0.876635 0.268313 0.246643 0.320999
0 0.474226 0.792736 0.042169 0.086941 0.225546
2 0.287481 0.866086 0.179622 0.111118 0.205292
1 0.909342 0.701407 0.181317 0.031956 0.185179
0 0.898934 0.963094 0.107420 0.073812 0.154611
0 0.883614 0.962647 0.074171 0.074706 0.131920
0 0.286796 0.865390 0.180280 0.112432 0.131578
3 0.151618 0.881413 0.303236 0.237077 0.121115
3 0.925301 0.787517 0.149377 0.157735 0.093927
3 0.926137 0.825833 0.147570 0.235018 0.088783
0 0.480030 0.792135 0.060046 0.091158 0.072718
0 0.921180 0.965866 0.154900 0.068268 0.071734
3 0.540167 0.721989 0.520514 0.044793 0.060432
1 0.924912 0.706002 0.150177 0.041809 0.059875
