0 0.425912 0.813106 0.070051 0.362497 0.500541
0 0.293960 0.947336 0.017646 0.101476 0.415308
0 0.430030 0.883356 0.055788 0.226858 0.411990
0 0.285637 0.854830 0.075678 0.139830 0.325052
0 0.131633 0.730852 0.240041 0.213775 0.284872
0 0.291297 0.809985 0.083341 0.224849 0.282190
0 0.162890 0.711557 0.177128 0.179571 0.259404
0 0.269703 0.878745 0.042595 0.095917 0.169523
0 0.317933 0.749595 0.035985 0.070172 0.144965
0 0.309261 0.703297 0.019751 0.050134 0.134067
0 0.277225 0.867444 0.057652 0.118433 0.123163
0 0.114418 0.758331 0.227820 0.183740 0.117398
0 0.304375 0.851768 0.051443 0.287137 0.105368
0 0.316548 0.761232 0.044421 0.108102 0.081916
0 0.415197 0.709317 0.049306 0.185092 0.077260
0 0.285502 0.882167 0.067006 0.185444 0.077051
0 0.312183 0.697035 0.022023 0.054558 0.076503
0 0.157780 0.709573 0.134092 0.131451 0.076319
0 0.043183 0.813985 0.086365 0.083854 0.076105
0 0.079467 0.782886 0.158141 0.140912 0.075657
0 0.037159 0.945242 0.043519 0.092828 0.071584
0 0.313846 0.813039 0.020149 0.048940 0.070091
0 0.039159 0.923828 0.039992 0.052893 0.064847
0 0.067872 0.797398 0.135304 0.125571 0.060974
0 0.302095 0.891709 0.041958 0.214719 0.060776
0 0.181084 0.688362 0.155346 0.150358 0.055697
0 0.416870 0.727226 0.039951 0.141594 0.053593
0 0.306916 0.789073 0.070893 0.185784 0.051208
0 0.051128 0.803455 0.102255 0.086492 0.050516
0 0.312908 0.730655 0.029513 0.080762 0.050500
