3 0.858678 0.847699 0.174397 0.130100 0.297698
3 0.113249 0.931230 0.221611 0.137410 0.249912
3 0.132828 0.907698 0.262350 0.183514 0.199727
3 0.315688 0.759950 0.134900 0.144442 0.136290
3 0.278456 0.795252 0.200459 0.204922 0.123676
3 0.299150 0.777057 0.163617 0.172980 0.107639
3 0.255863 0.828241 0.191089 0.178797 0.099533
3 0.183996 0.849049 0.365813 0.301901 0.085971
3 0.239415 0.846945 0.191071 0.175505 0.073925
3 0.227288 0.865882 0.178532 0.142756 0.071277
3 0.208572 0.889055 0.189293 0.170594 0.064224
3 0.332108 0.742051 0.119212 0.136997 0.056342
3 0.181006 0.906317 0.220922 0.183196 0.053992
