4 0.275059 0.806119 0.258738 0.083941 0.614583
4 0.651984 0.738608 0.222024 0.077552 0.578347
4 0.740076 0.670529 0.161645 0.057858 0.288393
4 0.507170 0.890980 0.420508 0.193736 0.204194
4 0.489384 0.713426 0.074830 0.042395 0.154935
4 0.861542 0.862397 0.276916 0.234115 0.146304
4 0.493520 0.708322 0.091698 0.057398 0.140967
4 0.433165 0.714388 0.195249 0.071679 0.127756
4 0.622834 0.873511 0.754332 0.227659 0.125484
4 0.545984 0.872776 0.360175 0.184715 0.120640
4 0.500115 0.704147 0.112532 0.067107 0.112194
4 0.203651 0.880735 0.407114 0.235944 0.085775
4 0.654228 0.894844 0.119429 0.135762 0.075001
4 0.625919 0.876768 0.191932 0.163434 0.066607
4 0.410515 0.887209 0.644607 0.200454 0.066146
4 0.870838 0.899700 0.258324 0.169009 0.053932
4 0.768378 0.864791 0.463244 0.237953 0.052967
4 0.480209 0.717066 0.088303 0.053266 0.052460
4 0.368624 0.698826 0.047532 0.027843 0.051681
0 0.193351 0.882929 0.386204 0.230838 0.050665
