0 0.190594 0.649997 0.119065 0.700006 0.769810
0 0.211270 0.048425 0.048676 0.081408 0.277260
0 0.079706 0.553504 0.159412 0.076107 0.236813
1 0.077397 0.551999 0.154794 0.069901 0.165927
0 0.078043 0.576789 0.156087 0.121297 0.132295
0 0.946062 0.053866 0.107672 0.107513 0.082670
0 0.923641 0.038192 0.151821 0.076384 0.077869
0 0.890850 0.068542 0.217077 0.137083 0.075348
0 0.883704 0.045270 0.232163 0.090541 0.071719
0 0.953023 0.069942 0.093428 0.139883 0.063219
0 0.075245 0.600378 0.150489 0.166002 0.060035
0 0.904823 0.088682 0.190302 0.177364 0.056972
0 0.932570 0.079649 0.134860 0.158938 0.053823
