0 0.468751 0.740673 0.048379 0.204671 0.733640
0 0.301963 0.754540 0.177628 0.284343 0.728222
0 0.560743 0.632458 0.078397 0.116495 0.680305
0 0.281047 0.803593 0.217240 0.386160 0.601896
0 0.558755 0.917120 0.061041 0.165760 0.481791
0 0.826304 0.749304 0.224374 0.154192 0.316465
0 0.070957 0.635373 0.141914 0.077135 0.161494
1 0.528312 0.781405 0.088387 0.020571 0.158572
1 0.656817 0.816559 0.098477 0.022589 0.142415
1 0.532406 0.697283 0.118453 0.021901 0.111757
0 0.576534 0.916216 0.099824 0.167569 0.109188
0 0.068918 0.652699 0.137836 0.107711 0.101138
0 0.857435 0.812996 0.264866 0.272430 0.061986
0 0.904845 0.874248 0.079107 0.086005 0.058321
0 0.931563 0.898356 0.131332 0.134306 0.055065
1 0.578691 0.699936 0.222760 0.027837 0.050250
