3 0.470363 0.136418 0.132697 0.041218 0.792961
1 0.903573 0.723332 0.192789 0.080253 0.304181
0 0.259629 0.601349 0.124478 0.187960 0.274723
1 0.073689 0.411649 0.147235 0.035760 0.269115
1 0.429611 0.242205 0.144154 0.034101 0.259024
1 0.087834 0.411344 0.114901 0.031626 0.199415
2 0.395945 0.249360 0.183531 0.111988 0.177720
1 0.509244 0.401838 0.976467 0.079654 0.152186
0 0.290576 0.149658 0.084753 0.094733 0.147276
0 0.235125 0.604143 0.183800 0.187819 0.144253
1 0.611745 0.303596 0.623268 0.058715 0.132516
0 0.345434 0.251937 0.065507 0.108303 0.128385
1 0.806934 0.608796 0.381571 0.069776 0.119435
1 0.903133 0.702222 0.193733 0.124196 0.099418
0 0.693925 0.220501 0.040415 0.051775 0.064239
2 0.507654 0.488969 0.975445 0.428765 0.054624
0 0.700376 0.216204 0.056654 0.064918 0.053772
1 0.676991 0.402503 0.646017 0.070559 0.052974
