2 0.698343 0.653747 0.464963 0.079432 0.389415
0 0.505498 0.940974 0.035004 0.071125 0.378204
1 0.817073 0.663362 0.220175 0.052514 0.156851
3 0.956726 0.689685 0.086446 0.106115 0.142261
3 0.955130 0.708316 0.089590 0.150279 0.121576
3 0.955406 0.744601 0.088883 0.220319 0.104488
1 0.448952 0.640826 0.098730 0.022179 0.081156
1 0.963297 0.763657 0.073406 0.029778 0.063154
2 0.738697 0.661460 0.376089 0.056207 0.062073
1 0.602768 0.657125 0.230515 0.041301 0.060375
1 0.909702 0.762077 0.180596 0.034219 0.059905
3 0.957259 0.789050 0.085217 0.309500 0.059642
