0 0.311251 0.736839 0.042996 0.071666 0.290847
0 0.265151 0.864195 0.027592 0.105495 0.231067
0 0.438346 0.752227 0.029864 0.133292 0.174357
0 0.157722 0.732683 0.042153 0.059095 0.155654
0 0.454095 0.890422 0.097345 0.199263 0.144545
0 0.441242 0.864583 0.059617 0.153268 0.136265
0 0.326850 0.689294 0.065300 0.156671 0.103686
0 0.347040 0.636614 0.022356 0.049543 0.079516
0 0.337074 0.671395 0.042351 0.123693 0.078000
0 0.306084 0.745740 0.032726 0.056025 0.076280
0 0.352381 0.628870 0.019265 0.044136 0.069469
0 0.452943 0.850579 0.099703 0.272569 0.068514
0 0.153498 0.737938 0.041319 0.053985 0.068144
0 0.426713 0.684119 0.036495 0.130532 0.066744
0 0.433132 0.726559 0.044560 0.176030 0.066395
0 0.350130 0.631585 0.024229 0.052616 0.064114
0 0.332486 0.682241 0.048669 0.140557 0.062609
0 0.450862 0.868365 0.074747 0.224448 0.062431
0 0.416782 0.645365 0.021482 0.063925 0.060953
0 0.269059 0.856961 0.036536 0.120490 0.059394
0 0.318143 0.730728 0.032834 0.068846 0.059106
0 0.435321 0.826283 0.048210 0.211381 0.058987
0 0.442677 0.781684 0.020980 0.072186 0.057331
0 0.307774 0.744484 0.051712 0.087776 0.055015
0 0.427330 0.859196 0.051672 0.135633 0.051197
0 0.333766 0.695295 0.032212 0.080637 0.050366
