1 0.629570 0.830161 0.136384 0.046047 0.681702
0 0.240544 0.828506 0.089301 0.147455 0.442711
0 0.459953 0.648572 0.056760 0.116301 0.234861
0 0.582860 0.713497 0.048602 0.048874 0.212829
1 0.297892 0.688573 0.196127 0.028467 0.202080
0 0.532616 0.809182 0.063854 0.089776 0.195760
0 0.266916 0.874263 0.158293 0.247993 0.169004
0 0.575109 0.710736 0.069067 0.058988 0.153080
0 0.262626 0.840252 0.137403 0.169679 0.149523
0 0.525777 0.801717 0.075671 0.106650 0.138265
1 0.696463 0.803025 0.285106 0.100275 0.061192
1 0.432133 0.695362 0.462708 0.046125 0.060197
0 0.463663 0.657751 0.047788 0.094594 0.055369
