0 0.358313 0.660945 0.032868 0.140030 0.522005
0 0.081446 0.732505 0.162892 0.155624 0.442157
0 0.315578 0.611973 0.037858 0.043121 0.369146
0 0.328813 0.551042 0.013578 0.032150 0.108982
0 0.284943 0.602534 0.017429 0.024731 0.091870
1 0.240376 0.620874 0.098168 0.034099 0.091435
0 0.098508 0.710115 0.121751 0.108428 0.084352
0 0.322265 0.550673 0.025073 0.038535 0.079374
0 0.294463 0.577568 0.031066 0.063326 0.078241
0 0.306275 0.572385 0.021384 0.043358 0.071630
0 0.081460 0.767175 0.162919 0.229077 0.070888
0 0.357382 0.574699 0.018392 0.031292 0.069392
1 0.252699 0.614164 0.118948 0.039121 0.057995
0 0.280211 0.640740 0.017825 0.030613 0.057891
0 0.327314 0.545223 0.017184 0.036547 0.056038
1 0.248230 0.616236 0.095567 0.032400 0.055177
0 0.363177 0.574749 0.022249 0.030029 0.054564
0 0.297699 0.602838 0.039599 0.034645 0.053179
