1 0.523101 0.880296 0.498080 0.053605 0.597923
1 0.493194 0.750507 0.234899 0.033160 0.511125
2 0.220580 0.937064 0.125226 0.125872 0.465265
1 0.351775 0.825952 0.172859 0.031822 0.347843
2 0.768798 0.846987 0.262578 0.158702 0.169472
2 0.197798 0.935684 0.179555 0.128631 0.131110
2 0.859725 0.892436 0.136182 0.095442 0.119049
1 0.386012 0.826467 0.217985 0.032549 0.111726
2 0.899238 0.922173 0.201257 0.155654 0.078837
2 0.818506 0.880673 0.341560 0.237826 0.078188
2 0.877111 0.907739 0.242196 0.183325 0.068231
2 0.719326 0.816731 0.152728 0.097428 0.067112
1 0.419669 0.664591 0.213637 0.032675 0.066251
2 0.247897 0.858909 0.168400 0.282183 0.060960
2 0.801880 0.861478 0.136985 0.099579 0.052506
