4 0.712039 0.659945 0.153188 0.057348 0.623451
2 0.566922 0.798081 0.277245 0.193476 0.606489
4 0.647800 0.725276 0.061829 0.028129 0.462741
0 0.182009 0.853761 0.362474 0.278460 0.431251
2 0.667008 0.793400 0.496983 0.199391 0.343405
4 0.495361 0.689296 0.033092 0.032075 0.212192
0 0.832166 0.810142 0.182936 0.147856 0.147271
4 0.579471 0.691944 0.036679 0.042633 0.127883
4 0.729482 0.716987 0.039937 0.029146 0.126004
0 0.466715 0.802192 0.054994 0.136038 0.124815
4 0.820660 0.704934 0.092475 0.048265 0.115816
0 0.656281 0.806413 0.057487 0.149185 0.088193
0 0.855106 0.824039 0.143222 0.126630 0.087286
4 0.828296 0.707072 0.074154 0.040641 0.075655
0 0.472621 0.796675 0.071304 0.179641 0.073645
0 0.880760 0.843539 0.092457 0.088214 0.068615
0 0.462074 0.806881 0.068092 0.163067 0.067043
0 0.578295 0.686071 0.040115 0.053345 0.061214
0 0.652249 0.815391 0.044116 0.128151 0.058448
4 0.801040 0.708546 0.139165 0.054703 0.057286
0 0.869064 0.833147 0.123010 0.111808 0.053483
