0 0.344473 0.838316 0.047059 0.193259 0.864720
0 0.242996 0.704974 0.065814 0.106068 0.804014
0 0.282357 0.944116 0.043636 0.097480 0.645147
0 0.382069 0.697876 0.016544 0.105470 0.400540
0 0.384989 0.670892 0.023521 0.159402 0.285869
0 0.380769 0.710061 0.011982 0.080141 0.279704
0 0.388705 0.615121 0.020313 0.056408 0.190471
0 0.220753 0.785294 0.021467 0.037106 0.167976
0 0.386391 0.608581 0.015993 0.048675 0.143017
0 0.433217 0.643980 0.012687 0.029502 0.130499
1 0.446934 0.870147 0.033097 0.022204 0.091521
0 0.328346 0.581398 0.018603 0.020785 0.054252
