0 0.255593 0.234945 0.101575 0.431910 0.744840
0 0.336956 0.533852 0.247203 0.117121 0.579221
0 0.533560 0.801079 0.124241 0.397602 0.369880
0 0.534160 0.725373 0.130047 0.549254 0.271123
1 0.221512 0.012404 0.317212 0.024808 0.265590
1 0.136772 0.013776 0.130207 0.025108 0.240221
1 0.377260 0.564491 0.172637 0.052613 0.200552
1 0.300328 0.011146 0.470554 0.022293 0.082735
1 0.226928 0.009261 0.294893 0.018522 0.070391
1 0.254716 0.006755 0.209053 0.013228 0.063368
1 0.282107 0.006330 0.155886 0.012263 0.057602
1 0.177928 0.012546 0.213778 0.024490 0.056258
