0 0.725682 0.637993 0.141937 0.108087 0.565792
4 0.407071 0.650774 0.132609 0.038792 0.542179
1 0.763471 0.725300 0.143744 0.037461 0.503809
0 0.826707 0.864769 0.040326 0.076487 0.407408
0 0.902058 0.693265 0.039150 0.058635 0.392537
3 0.990250 0.682628 0.019500 0.039616 0.370668
0 0.810531 0.829255 0.071622 0.147945 0.302098
1 0.886249 0.572977 0.184235 0.031547 0.243327
4 0.327603 0.605603 0.082809 0.027736 0.134867
0 0.690337 0.662046 0.066918 0.068811 0.121678
0 0.826067 0.876020 0.107840 0.247959 0.117307
0 0.789535 0.775991 0.032206 0.041115 0.110729
1 0.728567 0.614162 0.144844 0.059651 0.092892
0 0.839633 0.908076 0.074997 0.183849 0.069551
1 0.551070 0.591929 0.104486 0.025265 0.062077
0 0.692369 0.650662 0.072132 0.091927 0.058646
