0 0.701268 0.905261 0.231179 0.187795 0.759063
0 0.399454 0.631089 0.036703 0.096825 0.448256
0 0.479802 0.882710 0.094005 0.083587 0.425896
1 0.914815 0.722256 0.170371 0.042177 0.420341
1 0.048099 0.784384 0.096198 0.036176 0.371500
0 0.464592 0.882575 0.058268 0.084544 0.315211
0 0.401286 0.639326 0.029396 0.077136 0.209558
1 0.047768 0.796776 0.095535 0.064268 0.155880
0 0.455481 0.882016 0.037165 0.082427 0.113117
1 0.898032 0.721473 0.203936 0.053846 0.094066
0 0.402425 0.649830 0.026475 0.058348 0.086497
1 0.914684 0.732491 0.170633 0.063174 0.077466
1 0.048148 0.813272 0.096296 0.098272 0.056616
