0 0.503766 0.708199 0.055043 0.138197 0.740509
0 0.704269 0.849558 0.257074 0.295816 0.652466
0 0.386111 0.805142 0.062239 0.389715 0.612220
1 0.157930 0.927252 0.315859 0.063017 0.504464
0 0.379805 0.800384 0.043020 0.399231 0.370064
1 0.189641 0.783680 0.183312 0.036145 0.296437
0 0.717137 0.650470 0.143577 0.073685 0.284308
1 0.199162 0.928250 0.216460 0.056805 0.135249
0 0.753769 0.681710 0.207173 0.135468 0.130477
1 0.586881 0.964177 0.215760 0.071556 0.091485
0 0.726533 0.661590 0.160608 0.094097 0.073640
1 0.178703 0.789052 0.213827 0.048806 0.064323
1 0.132461 0.936309 0.264921 0.043706 0.055194
