0 0.095659 0.653621 0.158498 0.150676 0.365836
0 0.450359 0.563480 0.040817 0.111520 0.318657
2 0.568424 0.860896 0.228519 0.173649 0.294976
1 0.232531 0.960109 0.146475 0.029456 0.287372
2 0.553998 0.804817 0.265063 0.286537 0.263836
1 0.616647 0.557681 0.196845 0.034137 0.167232
0 0.888339 0.688737 0.217058 0.130996 0.123575
1 0.351531 0.665240 0.155292 0.032115 0.123158
1 0.860741 0.915244 0.271041 0.052715 0.101352
0 0.863557 0.670777 0.228493 0.142270 0.081566
0 0.864910 0.678960 0.160970 0.109669 0.063215
0 0.456464 0.588827 0.049773 0.147755 0.061578
