2 0.359534 0.681111 0.117959 0.168634 0.592899
0 0.360519 0.681615 0.117075 0.170392 0.588872
0 0.483239 0.789385 0.033373 0.084874 0.500435
0 0.958095 0.964847 0.083810 0.070307 0.485737
3 0.780642 0.592295 0.065291 0.017546 0.435408
2 0.754052 0.807146 0.300907 0.385625 0.400071
0 0.777864 0.810340 0.339342 0.379321 0.330779
0 0.522413 0.648013 0.025172 0.068191 0.212977
0 0.750994 0.833932 0.269968 0.331703 0.141083
2 0.376706 0.635900 0.084614 0.072588 0.099930
2 0.779607 0.662539 0.205741 0.102621 0.060071
