2 0.586154 0.783464 0.268406 0.177798 0.534855
0 0.479358 0.824081 0.065337 0.080533 0.193584
1 0.154186 0.769034 0.217698 0.036758 0.190169
1 0.101108 0.847940 0.113723 0.027665 0.174264
1 0.088683 0.847963 0.156802 0.032482 0.146185
1 0.344482 0.799953 0.146344 0.041997 0.095254
0 0.322443 0.800484 0.124799 0.110347 0.078426
0 0.480650 0.809582 0.073975 0.113307 0.075499
1 0.104303 0.797114 0.164254 0.037037 0.066155
1 0.183574 0.776733 0.328643 0.049236 0.063734
1 0.164110 0.771761 0.278598 0.047561 0.053850
