0 0.700142 0.784123 0.144347 0.225495 0.356146
4 0.521047 0.646444 0.068433 0.035788 0.257155
0 0.552821 0.673118 0.035725 0.074878 0.202904
0 0.500579 0.785655 0.091175 0.239149 0.178744
4 0.518849 0.643469 0.078952 0.046447 0.161703
0 0.727647 0.790697 0.192489 0.224584 0.153784
0 0.222725 0.836398 0.435304 0.312081 0.137286
2 0.450132 0.801743 0.760293 0.258954 0.113076
2 0.323748 0.808920 0.592826 0.290502 0.097551
0 0.501303 0.794413 0.065682 0.207882 0.077638
0 0.240441 0.823840 0.306137 0.222024 0.066726
