1 0.455999 0.859585 0.612214 0.194143 0.824949
0 0.813309 0.712132 0.129336 0.070706 0.575946
1 0.931878 0.691626 0.136243 0.031599 0.276487
1 0.918941 0.694737 0.162117 0.034686 0.144092
0 0.064475 0.835388 0.128743 0.241917 0.118073
2 0.066898 0.792511 0.133796 0.176799 0.098337
0 0.900914 0.910978 0.185234 0.119661 0.076331
2 0.104971 0.757890 0.209828 0.234072 0.069549
2 0.063725 0.827996 0.127339 0.236280 0.066216
1 0.900820 0.695735 0.198359 0.046759 0.055406
2 0.094675 0.798850 0.189350 0.289705 0.051763
