3 0.357345 0.706054 0.103496 0.034215 0.700013
3 0.288144 0.627248 0.078160 0.018894 0.453298
0 0.527029 0.750120 0.075135 0.155643 0.353268
1 0.288769 0.973802 0.364035 0.051885 0.252450
2 0.947029 0.850219 0.105942 0.288446 0.237495
1 0.328899 0.976169 0.273735 0.046898 0.227081
1 0.161845 0.664483 0.153518 0.027436 0.138425
3 0.147073 0.781537 0.294147 0.315345 0.135022
1 0.678062 0.856593 0.252294 0.040367 0.117865
0 0.514899 0.749568 0.110033 0.157273 0.110147
2 0.222905 0.734378 0.104879 0.073608 0.085223
0 0.533301 0.754203 0.117854 0.168537 0.063226
2 0.926414 0.844195 0.147173 0.311610 0.059528
1 0.953288 0.929336 0.093247 0.033831 0.051946
