1 0.527429 0.788509 0.923184 0.079087 0.593760
2 0.747172 0.671552 0.190382 0.056360 0.390470
1 0.362242 0.658316 0.277740 0.036973 0.378463
1 0.108894 0.750402 0.146515 0.031741 0.116383
1 0.307876 0.799582 0.477231 0.051503 0.115925
0 0.532347 0.732526 0.051652 0.254276 0.109717
1 0.679418 0.785231 0.641164 0.053095 0.109204
1 0.389466 0.798290 0.615703 0.056784 0.101737
2 0.759310 0.672404 0.116592 0.048990 0.077917
1 0.626645 0.796198 0.737284 0.084947 0.052660
0 0.936259 0.831022 0.127482 0.102190 0.052099
