3 0.916077 0.661832 0.110692 0.038041 0.737056
2 0.517095 0.685099 0.145944 0.196106 0.687576
2 0.232342 0.676322 0.217382 0.203421 0.586671
2 0.590149 0.924545 0.184976 0.150911 0.515960
2 0.103848 0.898086 0.207696 0.198009 0.473546
2 0.895665 0.831352 0.208671 0.335146 0.371695
4 0.534900 0.714966 0.054435 0.041409 0.289778
2 0.168258 0.793563 0.334565 0.406236 0.211379
2 0.889626 0.752308 0.220481 0.120577 0.172639
4 0.534280 0.705518 0.065829 0.070476 0.161547
3 0.115639 0.561707 0.029318 0.015208 0.135860
2 0.890879 0.727523 0.217977 0.172650 0.097697
2 0.563142 0.924433 0.318082 0.150855 0.086687
2 0.892190 0.788555 0.215395 0.225402 0.072868
2 0.075523 0.902244 0.150535 0.190155 0.065278
2 0.125202 0.856546 0.183346 0.091801 0.062082
4 0.310887 0.610559 0.057420 0.034212 0.060845
2 0.186727 0.741873 0.287668 0.334913 0.051048
