3 0.951093 0.406734 0.097813 0.086582 0.807956
3 0.480369 0.160835 0.137980 0.038208 0.632877
1 0.644488 0.496629 0.707387 0.086476 0.229365
0 0.031117 0.606244 0.062234 0.305566 0.196484
0 0.031214 0.538091 0.062427 0.161488 0.187306
0 0.031598 0.508438 0.062996 0.099530 0.167758
1 0.631835 0.262516 0.308337 0.147860 0.145703
0 0.842147 0.422313 0.164511 0.173530 0.124329
1 0.513894 0.494425 0.954085 0.089559 0.113106
0 0.599129 0.245423 0.244125 0.120353 0.068173
1 0.591116 0.242293 0.226268 0.112068 0.066264
0 0.637824 0.262076 0.313070 0.152190 0.054843
