4 0.479174 0.670907 0.084143 0.037219 0.639684
4 0.534957 0.579996 0.047459 0.029746 0.513767
4 0.465014 0.624819 0.054958 0.029352 0.462008
2 0.382558 0.723772 0.740779 0.286022 0.407691
4 0.399742 0.701309 0.077471 0.052597 0.329824
4 0.456499 0.537582 0.065738 0.032326 0.261078
4 0.386920 0.709563 0.046602 0.033837 0.256446
2 0.386626 0.756916 0.726876 0.182248 0.215710
4 0.614696 0.768366 0.266314 0.153984 0.203031
2 0.444133 0.735364 0.601869 0.226777 0.184135
4 0.472835 0.618207 0.073605 0.046425 0.154591
4 0.489228 0.614319 0.042994 0.036723 0.085323
4 0.573425 0.618884 0.077151 0.047374 0.076094
4 0.592553 0.582566 0.043453 0.026377 0.069088
4 0.513942 0.619100 0.170522 0.058731 0.066756
4 0.455669 0.539649 0.074666 0.042888 0.064854
0 0.808052 0.728804 0.130082 0.155708 0.064233
4 0.498111 0.610974 0.032594 0.029967 0.061054
0 0.826655 0.747868 0.151763 0.184382 0.058179
0 0.852165 0.768671 0.179774 0.207948 0.056161
4 0.598478 0.575345 0.065875 0.045737 0.053679
4 0.560359 0.761694 0.116997 0.122117 0.051828
