0 0.417034 0.499199 0.073975 0.998398 0.715461
1 0.614238 0.167240 0.723623 0.068059 0.564634
1 0.712937 0.151996 0.485393 0.043780 0.500524
0 0.803480 0.018931 0.064303 0.037720 0.217017
0 0.813591 0.020080 0.062306 0.039938 0.164950
1 0.515445 0.168614 0.524794 0.061775 0.160816
1 0.070196 0.151887 0.140392 0.033567 0.151622
0 0.415185 0.446829 0.057633 0.869791 0.145869
1 0.623854 0.150660 0.319476 0.036467 0.130697
0 0.418492 0.700089 0.058450 0.599821 0.109172
1 0.916773 0.066780 0.164844 0.061573 0.080362
0 0.794100 0.022168 0.086458 0.044335 0.079947
1 0.076630 0.151772 0.153260 0.046137 0.070641
1 0.069716 0.161847 0.139432 0.050516 0.067171
1 0.824325 0.063341 0.351350 0.058536 0.062481
0 0.774463 0.018529 0.128523 0.037058 0.061482
