0 0.442585 0.735293 0.090272 0.220885 0.661006
4 0.510545 0.627788 0.111966 0.046460 0.442490
4 0.420016 0.555865 0.100482 0.064033 0.416801
4 0.832153 0.786680 0.206809 0.146679 0.362510
4 0.556793 0.588248 0.052046 0.031383 0.191336
4 0.600751 0.624016 0.068746 0.037432 0.171243
4 0.166874 0.732235 0.312695 0.139218 0.158760
4 0.784385 0.755391 0.340658 0.216747 0.154416
4 0.521427 0.631043 0.092997 0.041244 0.151864
4 0.409645 0.561563 0.112703 0.065829 0.134077
4 0.552785 0.627400 0.162292 0.046759 0.131844
4 0.578270 0.624226 0.115332 0.045831 0.099685
0 0.686922 0.741863 0.145979 0.190210 0.077488
4 0.208104 0.716977 0.215424 0.112022 0.076510
4 0.540344 0.629821 0.116595 0.047083 0.071315
4 0.163586 0.771209 0.325633 0.221687 0.065702
4 0.694427 0.746661 0.168852 0.199949 0.051237
