0 0.072360 0.805798 0.144496 0.134553 0.346964
0 0.359805 0.695234 0.023709 0.061898 0.168456
0 0.359159 0.626578 0.023730 0.045162 0.164596
0 0.347304 0.750059 0.048621 0.166726 0.156222
2 0.359334 0.751928 0.074851 0.163513 0.152905
0 0.202205 0.682518 0.090839 0.065317 0.152370
0 0.418121 0.737529 0.024713 0.032241 0.151137
0 0.339010 0.784606 0.032557 0.100936 0.148552
1 0.378790 0.776166 0.049431 0.040873 0.146922
0 0.362887 0.621320 0.025449 0.065567 0.139341
0 0.330066 0.595729 0.011454 0.041443 0.130921
0 0.406058 0.689161 0.042650 0.123533 0.123272
0 0.392759 0.645575 0.014345 0.046044 0.120872
0 0.095438 0.911575 0.126494 0.161504 0.117836
0 0.185690 0.693617 0.116288 0.082243 0.116014
0 0.069499 0.834283 0.138999 0.177341 0.114055
0 0.211251 0.676315 0.072623 0.053564 0.113909
0 0.379147 0.778741 0.050909 0.047257 0.111532
0 0.330978 0.862187 0.036366 0.268977 0.106421
0 0.305161 0.658767 0.052641 0.086212 0.100460
0 0.458986 0.946567 0.033030 0.097453 0.100334
2 0.373080 0.742898 0.097538 0.186958 0.098523
0 0.395598 0.652685 0.018702 0.053893 0.096893
0 0.408451 0.722088 0.038012 0.059531 0.095447
0 0.414860 0.728354 0.030078 0.046597 0.092444
0 0.327655 0.895225 0.033547 0.200552 0.081023
0 0.362894 0.630345 0.021826 0.050126 0.080275
0 0.307657 0.645709 0.052437 0.115894 0.076791
0 0.142228 0.852583 0.079440 0.119295 0.074762
0 0.114710 0.891959 0.089034 0.117258 0.068298
0 0.172874 0.705456 0.121074 0.097318 0.068268
0 0.583764 0.968873 0.047931 0.053472 0.068243
0 0.381602 0.787978 0.056925 0.061772 0.068002
0 0.298346 0.674427 0.038681 0.054457 0.064627
0 0.185403 0.690839 0.068981 0.054919 0.063897
0 0.175923 0.696032 0.075404 0.063267 0.063674
0 0.390514 0.639993 0.019398 0.055995 0.062859
0 0.054285 0.809347 0.108571 0.109568 0.061355
0 0.396857 0.796228 0.024102 0.049318 0.058697
0 0.156191 0.712974 0.095809 0.081893 0.056109
0 0.042872 0.824941 0.085743 0.095925 0.055472
0 0.168123 0.701704 0.080565 0.068917 0.053608
0 0.116911 0.769408 0.067249 0.061918 0.053048
0 0.125612 0.874737 0.065203 0.079650 0.052448
0 0.301398 0.670089 0.047212 0.066582 0.051921
