4 0.881821 0.755687 0.236172 0.243857 0.470975
4 0.208697 0.870940 0.417394 0.256812 0.343778
4 0.306138 0.632815 0.060631 0.031791 0.308694
4 0.842734 0.665172 0.083765 0.053888 0.268326
2 0.879722 0.759015 0.240143 0.243157 0.261987
4 0.534620 0.626306 0.250223 0.074804 0.236856
4 0.300678 0.862239 0.597898 0.272988 0.172209
4 0.460478 0.634915 0.164564 0.065874 0.140400
4 0.538598 0.796536 0.248273 0.119102 0.104034
4 0.309780 0.632112 0.073500 0.040662 0.087146
4 0.441123 0.766492 0.058701 0.044396 0.068899
4 0.710374 0.600027 0.086879 0.042366 0.064280
4 0.481966 0.628613 0.204406 0.069567 0.053169
4 0.480489 0.630427 0.126787 0.063147 0.051576
