0 0.377908 0.730723 0.053335 0.143601 0.649893
0 0.940289 0.894935 0.119422 0.139328 0.625109
1 0.343476 0.799698 0.301845 0.040214 0.505422
1 0.691026 0.690849 0.264489 0.052871 0.457728
1 0.651796 0.696807 0.183699 0.041007 0.378137
1 0.260962 0.795894 0.134760 0.029067 0.312226
0 0.498331 0.678878 0.019089 0.037846 0.127368
1 0.620848 0.755221 0.069797 0.016930 0.126084
0 0.939417 0.874785 0.121167 0.098178 0.122300
0 0.586856 0.741276 0.039834 0.050589 0.072541
0 0.199368 0.636193 0.026512 0.046483 0.072273
0 0.621840 0.821492 0.237712 0.351816 0.062616
