0 0.224479 0.757364 0.157539 0.265382 0.656289
0 0.090693 0.970136 0.032754 0.053008 0.484930
0 0.157764 0.792867 0.129127 0.179687 0.421711
0 0.129106 0.911329 0.013859 0.040275 0.312736
0 0.056934 0.949781 0.069297 0.093679 0.192519
0 0.033707 0.984812 0.022333 0.027338 0.141258
0 0.274055 0.643632 0.054985 0.069314 0.121700
0 0.320210 0.591090 0.020464 0.055923 0.111593
0 0.201717 0.796154 0.112347 0.184252 0.097194
0 0.321638 0.578438 0.023702 0.078727 0.087974
0 0.059659 0.930458 0.066839 0.058123 0.074003
0 0.326723 0.557896 0.015243 0.041602 0.064590
