2 0.575646 0.744357 0.636635 0.223984 0.672932
4 0.637054 0.635399 0.067639 0.045919 0.543920
4 0.772561 0.648153 0.049846 0.028429 0.369089
4 0.367337 0.646366 0.156850 0.079899 0.320447
0 0.715921 0.780064 0.100799 0.164732 0.287056
4 0.396455 0.661928 0.098744 0.049132 0.164724
4 0.389644 0.653564 0.115025 0.068187 0.130342
0 0.448716 0.768181 0.047093 0.163410 0.104448
4 0.772637 0.646555 0.055542 0.038865 0.101811
4 0.629903 0.630180 0.089842 0.059034 0.083711
4 0.776229 0.652242 0.063535 0.043712 0.064855
4 0.603033 0.627246 0.150760 0.063098 0.063798
4 0.835183 0.659416 0.191335 0.060833 0.056434
4 0.808053 0.762609 0.189291 0.103233 0.050242
