4 0.449418 0.663635 0.139639 0.056087 0.609355
4 0.294476 0.551857 0.109881 0.043322 0.503316
4 0.467523 0.584871 0.224860 0.075593 0.401644
4 0.225996 0.849152 0.451051 0.278409 0.386699
4 0.165653 0.860674 0.331005 0.247416 0.232867
4 0.417854 0.605168 0.072314 0.033179 0.211436
4 0.628038 0.539625 0.166644 0.049473 0.180822
4 0.797531 0.578790 0.104809 0.055958 0.116487
4 0.186192 0.570050 0.185674 0.063543 0.102540
4 0.162099 0.575779 0.151049 0.058426 0.082562
4 0.798458 0.582508 0.086033 0.038891 0.080282
4 0.420749 0.601366 0.082103 0.042366 0.070241
4 0.603717 0.541268 0.130752 0.050805 0.069516
4 0.654470 0.534314 0.203676 0.045870 0.069116
4 0.397164 0.572881 0.100568 0.046517 0.066633
4 0.385788 0.573320 0.077763 0.038359 0.056532
4 0.401024 0.584209 0.100265 0.054544 0.055598
4 0.227406 0.603820 0.042893 0.030908 0.054253
4 0.807535 0.583965 0.066158 0.032744 0.052550
