0 0.110641 0.941110 0.111867 0.103247 0.577270
0 0.337486 0.791010 0.038028 0.103018 0.456775
0 0.221894 0.723198 0.085568 0.098323 0.406457
2 0.351528 0.590387 0.042897 0.054084 0.378813
0 0.399888 0.809779 0.035835 0.089499 0.298573
0 0.331401 0.802086 0.048401 0.127551 0.278778
1 0.375753 0.916918 0.132633 0.043804 0.258961
0 0.093258 0.879555 0.070954 0.077766 0.213398
2 0.355199 0.595978 0.038445 0.045009 0.203914
1 0.375400 0.874882 0.087484 0.043469 0.188141
0 0.404283 0.821293 0.047407 0.112888 0.148108
1 0.368313 0.922664 0.141080 0.039044 0.145725
0 0.098797 0.870371 0.062137 0.058841 0.145043
0 0.033834 0.850840 0.067668 0.103402 0.131038
1 0.254736 0.871429 0.084674 0.027257 0.128418
0 0.107382 0.750189 0.082172 0.069138 0.123340
0 0.169448 0.816824 0.038812 0.045961 0.112619
0 0.037063 0.836775 0.073731 0.085616 0.110503
1 0.467305 0.850894 0.090953 0.021890 0.108124
0 0.098446 0.948979 0.087703 0.088502 0.105379
1 0.375982 0.872427 0.114329 0.050201 0.103668
1 0.246739 0.875136 0.097656 0.034560 0.103443
0 0.239304 0.636424 0.059440 0.060130 0.099498
1 0.393137 0.904148 0.198428 0.106510 0.097078
0 0.390812 0.829470 0.066291 0.134654 0.088247
1 0.389937 0.869324 0.118027 0.059464 0.087852
2 0.078721 0.785736 0.143491 0.134582 0.084126
0 0.205211 0.821055 0.081188 0.128126 0.081284
2 0.341806 0.582154 0.026458 0.039473 0.081036
1 0.368208 0.925633 0.144821 0.059352 0.077882
0 0.306812 0.956240 0.039249 0.065242 0.077381
0 0.305514 0.641650 0.016210 0.040007 0.075028
0 0.234847 0.713254 0.060856 0.086592 0.074582
2 0.352954 0.601863 0.040178 0.058751 0.071685
0 0.246167 0.630719 0.048105 0.051443 0.071653
1 0.369863 0.879516 0.072738 0.037487 0.071061
0 0.104173 0.759432 0.091371 0.069629 0.070918
0 0.347718 0.650204 0.015323 0.027572 0.070817
0 0.114646 0.743171 0.063101 0.056368 0.070420
0 0.231517 0.644931 0.067120 0.060610 0.069100
1 0.311735 0.665878 0.100142 0.021188 0.068611
0 0.326500 0.813234 0.059820 0.135212 0.066532
0 0.036199 0.874598 0.072398 0.155047 0.066261
0 0.219104 0.776157 0.098426 0.204333 0.065652
0 0.200784 0.841219 0.073687 0.130949 0.064739
0 0.173495 0.811717 0.047106 0.054374 0.063089
2 0.393560 0.863041 0.195841 0.228169 0.063017
1 0.233523 0.883003 0.132468 0.050879 0.060231
1 0.262996 0.870675 0.126273 0.031160 0.057416
2 0.356653 0.606387 0.036186 0.041930 0.056820
0 0.044074 0.821311 0.084786 0.068441 0.056468
0 0.304247 0.623396 0.019662 0.056481 0.056334
0 0.024883 0.866901 0.049731 0.109404 0.055066
0 0.224869 0.649788 0.093277 0.085396 0.052234
2 0.108117 0.761701 0.122383 0.142425 0.050262
0 0.149467 0.714885 0.105986 0.105461 0.050177
