3 0.325965 0.067897 0.211806 0.100321 0.910640
4 0.339914 0.113943 0.019535 0.022873 0.772439
1 0.486653 0.311045 0.486147 0.048827 0.647488
4 0.290036 0.225976 0.027057 0.032018 0.592246
0 0.343060 0.173844 0.014317 0.085038 0.491020
4 0.123996 0.277507 0.027308 0.034563 0.471326
1 0.392108 0.123499 0.081019 0.027414 0.455918
2 0.209815 0.306429 0.220321 0.188327 0.404160
1 0.164510 0.227455 0.329021 0.033251 0.300035
1 0.157999 0.229131 0.315998 0.023626 0.212922
1 0.480783 0.317135 0.495437 0.033739 0.144970
1 0.119422 0.080837 0.216078 0.024067 0.122605
1 0.189246 0.078926 0.068929 0.014296 0.098635
0 0.341339 0.166809 0.019108 0.094014 0.096151
4 0.120660 0.300710 0.033477 0.079504 0.086168
1 0.113624 0.098080 0.221800 0.053580 0.068690
