0 0.335046 0.404229 0.315514 0.248247 0.891518
1 0.667568 0.556258 0.343581 0.055750 0.682549
0 0.138680 0.090530 0.031480 0.181060 0.474536
0 0.050442 0.234944 0.098536 0.134919 0.467444
0 0.271469 0.245721 0.068208 0.074329 0.419353
0 0.144076 0.090083 0.045793 0.180166 0.341266
0 0.236208 0.205174 0.125192 0.140941 0.230046
0 0.918469 0.645067 0.162844 0.129520 0.225007
0 0.052712 0.215789 0.095478 0.097802 0.215912
0 0.313248 0.332202 0.018193 0.104437 0.159437
0 0.920767 0.677286 0.158327 0.191280 0.119552
0 0.198848 0.144607 0.077929 0.032418 0.117517
1 0.746940 0.592325 0.506120 0.128573 0.109006
0 0.265583 0.235781 0.076916 0.085314 0.105369
0 0.200115 0.147821 0.088250 0.043629 0.100476
0 0.048380 0.263198 0.096688 0.186214 0.098958
0 0.154456 0.089550 0.063980 0.179100 0.094699
0 0.021811 0.263772 0.041905 0.103085 0.068457
0 0.347417 0.568912 0.018909 0.143260 0.055172
0 0.045498 0.309412 0.090913 0.270322 0.054723
1 0.742339 0.572875 0.495423 0.088846 0.053864
0 0.920696 0.635808 0.152355 0.093739 0.053240
0 0.036530 0.346842 0.073060 0.308605 0.051793
0 0.747897 0.611853 0.504206 0.167197 0.051128
0 0.204034 0.156394 0.081986 0.057589 0.050922
