0 0.139880 0.782278 0.278285 0.148677 0.577796
0 0.288923 0.779009 0.122261 0.127101 0.495281
0 0.380988 0.799725 0.063839 0.118355 0.487479
0 0.271224 0.801970 0.094033 0.087253 0.279228
0 0.319350 0.868619 0.190880 0.262763 0.274728
0 0.263083 0.967758 0.091116 0.064485 0.230346
0 0.350504 0.914925 0.043808 0.064600 0.160895
0 0.244329 0.966907 0.130162 0.066185 0.107330
0 0.291116 0.940628 0.160909 0.118745 0.066937
0 0.280443 0.786968 0.097348 0.107600 0.065553
0 0.368821 0.851255 0.084507 0.224408 0.062449
