3 0.498777 0.165099 0.393241 0.064487 0.734062
2 0.488256 0.489588 0.144950 0.387659 0.526979
0 0.946695 0.542146 0.106306 0.190527 0.115830
0 0.937789 0.519045 0.124363 0.172696 0.111156
0 0.951177 0.579446 0.097245 0.260886 0.094962
3 0.430591 0.222284 0.277708 0.028382 0.081614
0 0.945384 0.507245 0.109232 0.118425 0.078043
2 0.480709 0.413453 0.123701 0.229653 0.068246
0 0.930950 0.495671 0.137710 0.149357 0.066045
3 0.447158 0.105458 0.206670 0.037393 0.056646
3 0.432398 0.227355 0.283501 0.041819 0.055701
