3 0.337999 0.570319 0.079945 0.024508 0.645649
3 0.146806 0.636149 0.293611 0.321884 0.579659
1 0.873691 0.954146 0.250793 0.049800 0.360897
1 0.626074 0.693618 0.068591 0.016998 0.316112
2 0.801197 0.674029 0.395925 0.258167 0.246042
1 0.325499 0.599260 0.225840 0.030167 0.245037
3 0.119528 0.655325 0.238203 0.255165 0.210530
3 0.801914 0.622492 0.396172 0.258052 0.147008
1 0.364395 0.602472 0.302676 0.034707 0.128133
1 0.672001 0.762480 0.084572 0.025143 0.118209
2 0.832359 0.701253 0.333136 0.215266 0.115378
2 0.802663 0.732596 0.392423 0.348063 0.088621
3 0.143338 0.709294 0.286676 0.440629 0.084315
2 0.908961 0.739788 0.181308 0.175173 0.074284
2 0.794753 0.660720 0.391164 0.180509 0.071491
2 0.746711 0.624658 0.308834 0.162904 0.070975
2 0.886377 0.724900 0.227246 0.176183 0.062402
2 0.914517 0.787644 0.170469 0.272760 0.051609
