4 0.299840 0.861240 0.592632 0.275413 0.310399
4 0.448600 0.759690 0.166136 0.086419 0.237092
4 0.306642 0.747600 0.106503 0.045738 0.164210
4 0.224227 0.882205 0.448454 0.235408 0.141000
4 0.173640 0.887673 0.347281 0.193041 0.124258
4 0.597052 0.901511 0.124836 0.082419 0.120172
4 0.138090 0.903052 0.274472 0.178132 0.116716
4 0.457775 0.743377 0.154463 0.071341 0.076674
4 0.290590 0.751602 0.139060 0.056942 0.065677
4 0.448219 0.874133 0.426332 0.232390 0.064267
4 0.485915 0.743910 0.092237 0.056809 0.060558
