0 0.526767 0.870589 0.060188 0.258720 0.711733
1 0.093681 0.907747 0.187362 0.035859 0.573500
0 0.300094 0.832014 0.209078 0.333883 0.570460
0 0.346814 0.828186 0.086836 0.052546 0.492775
1 0.605096 0.738870 0.483534 0.056372 0.486164
0 0.677538 0.785711 0.024056 0.064292 0.411666
1 0.544650 0.732394 0.344818 0.040338 0.380987
0 0.649938 0.751723 0.084636 0.134360 0.312835
0 0.487233 0.661850 0.045629 0.120417 0.287562
1 0.502996 0.733258 0.264076 0.035319 0.239532
0 0.355343 0.721493 0.107631 0.109871 0.201184
0 0.796127 0.877346 0.031973 0.070146 0.162246
1 0.347832 0.828075 0.089876 0.048804 0.119801
0 0.800856 0.879374 0.050223 0.075560 0.102406
1 0.096879 0.911608 0.193758 0.051970 0.097219
0 0.635788 0.725282 0.056948 0.080785 0.078886
0 0.280372 0.865216 0.173871 0.268092 0.073981
0 0.800773 0.881168 0.082329 0.076957 0.073472
0 0.640084 0.720242 0.098398 0.160438 0.072566
1 0.581244 0.908714 0.086162 0.024283 0.068804
1 0.653829 0.742726 0.372188 0.045256 0.067697
0 0.969062 0.842377 0.043989 0.063541 0.067428
0 0.972076 0.884320 0.055848 0.157915 0.063425
1 0.933577 0.865174 0.122131 0.026293 0.061165
0 0.642277 0.736194 0.070116 0.105857 0.060932
