1 0.230093 0.104648 0.315413 0.040330 0.612902
2 0.500287 0.763094 0.999427 0.471148 0.590128
2 0.271936 0.761910 0.543872 0.473997 0.399770
2 0.500000 0.609968 1.000000 0.149339 0.242387
1 0.199421 0.108944 0.377453 0.047035 0.238252
0 0.104825 0.037522 0.056398 0.075044 0.171071
1 0.863656 0.986137 0.268472 0.027726 0.160061
1 0.499665 0.610466 0.999331 0.151195 0.148262
0 0.102025 0.030653 0.045408 0.061307 0.112797
2 0.770673 0.613055 0.458056 0.137351 0.109036
0 0.113926 0.029184 0.064430 0.058369 0.103440
0 0.096122 0.042997 0.044227 0.085995 0.090656
0 0.116480 0.040773 0.086243 0.081546 0.087500
1 0.827595 0.988756 0.204540 0.022487 0.077184
0 0.103536 0.044989 0.082815 0.089978 0.050826
0 0.024735 0.176662 0.049429 0.176542 0.050175
