1 0.083301 0.800601 0.166572 0.033886 0.384885
1 0.103530 0.899042 0.207059 0.061639 0.377744
0 0.159998 0.809690 0.319997 0.260702 0.309774
0 0.217955 0.800891 0.103138 0.175701 0.282861
0 0.246623 0.772313 0.168276 0.232021 0.120051
0 0.554340 0.900149 0.110753 0.199702 0.105324
0 0.152732 0.823147 0.249355 0.219934 0.103662
0 0.576212 0.906198 0.136542 0.187604 0.095769
0 0.231721 0.790608 0.134426 0.202902 0.094190
0 0.028965 0.887821 0.057930 0.149968 0.075436
0 0.540219 0.874574 0.115495 0.249417 0.074235
2 0.524821 0.855495 0.280512 0.288806 0.069769
1 0.084696 0.789946 0.168747 0.055290 0.069657
0 0.028684 0.865842 0.057265 0.102589 0.062548
1 0.084736 0.808251 0.169471 0.050949 0.058711
0 0.557714 0.919595 0.078244 0.160809 0.052605
