0 0.097714 0.857232 0.194117 0.221814 0.785721
0 0.254140 0.782071 0.136582 0.244344 0.642781
0 0.514466 0.916631 0.062983 0.151975 0.622743
0 0.356239 0.784674 0.033927 0.070331 0.621762
0 0.157059 0.964333 0.034517 0.066474 0.617688
0 0.379046 0.873463 0.029172 0.114384 0.428641
0 0.410694 0.964981 0.022343 0.065152 0.363341
1 0.272296 0.940102 0.544591 0.056942 0.354547
1 0.290975 0.930089 0.441880 0.046087 0.332685
0 0.382482 0.597632 0.029726 0.064711 0.319333
0 0.430557 0.766472 0.054709 0.221593 0.314399
0 0.465644 0.797245 0.081529 0.162450 0.309893
0 0.385667 0.590442 0.032178 0.068151 0.217869
0 0.427684 0.755696 0.079699 0.239495 0.211818
0 0.281884 0.728613 0.078960 0.136290 0.211367
0 0.391349 0.887738 0.058249 0.146608 0.203818
0 0.117350 0.831991 0.156243 0.172965 0.179896
0 0.342709 0.616311 0.022394 0.032606 0.174422
1 0.243133 0.933411 0.351875 0.028820 0.170438
0 0.450965 0.774638 0.121219 0.257197 0.167544
0 0.261606 0.665873 0.046398 0.044081 0.166529
0 0.217907 0.854154 0.066125 0.118070 0.162473
1 0.099956 0.947841 0.187460 0.056349 0.161609
0 0.388754 0.645785 0.014385 0.037439 0.156422
0 0.417843 0.598674 0.016209 0.047569 0.147091
0 0.376796 0.608721 0.020891 0.041372 0.129128
0 0.269863 0.661248 0.062090 0.049348 0.126137
0 0.259962 0.677158 0.044015 0.042135 0.122946
0 0.489755 0.791174 0.115547 0.207327 0.113831
0 0.296504 0.645338 0.116893 0.078494 0.109018
0 0.416322 0.592919 0.016602 0.056137 0.097081
1 0.297875 0.642398 0.114706 0.063225 0.096575
0 0.467871 0.824744 0.138035 0.298986 0.095328
0 0.445306 0.687955 0.015890 0.060245 0.093432
0 0.442877 0.658942 0.026224 0.100687 0.092133
0 0.484169 0.960975 0.032008 0.042990 0.092077
0 0.284064 0.659674 0.090492 0.050402 0.091003
0 0.425879 0.742978 0.045162 0.163633 0.090572
0 0.420587 0.602226 0.020927 0.050597 0.085360
0 0.530296 0.843661 0.134558 0.298037 0.085122
0 0.504434 0.842966 0.141551 0.298598 0.084942
0 0.338896 0.622442 0.030301 0.047070 0.083869
0 0.384702 0.878463 0.041392 0.125033 0.082202
0 0.419117 0.738597 0.057079 0.183231 0.076051
0 0.385338 0.613195 0.023509 0.073694 0.075022
0 0.439469 0.647055 0.035572 0.122739 0.073378
0 0.413648 0.596081 0.021286 0.053764 0.070309
0 0.126986 0.771361 0.059972 0.069303 0.069852
0 0.426121 0.603826 0.024171 0.043992 0.069608
0 0.413380 0.716972 0.064461 0.189346 0.068167
1 0.276749 0.935144 0.548738 0.090711 0.067726
1 0.223822 0.950555 0.443450 0.061515 0.065211
0 0.399184 0.590686 0.047985 0.065477 0.064831
1 0.122124 0.951810 0.241100 0.060812 0.062943
0 0.529578 0.830138 0.055113 0.177978 0.060382
0 0.458497 0.690159 0.041185 0.084560 0.060252
0 0.456846 0.672366 0.059809 0.122960 0.059899
0 0.236068 0.674211 0.088129 0.067973 0.059523
0 0.447620 0.664328 0.031730 0.112409 0.059505
0 0.440095 0.636466 0.028049 0.082965 0.058652
0 0.429386 0.608706 0.023948 0.043791 0.055677
0 0.451196 0.673657 0.033259 0.106751 0.054494
0 0.210912 0.864661 0.066854 0.107054 0.053705
2 0.483109 0.819702 0.216133 0.351436 0.053100
0 0.390146 0.567106 0.017329 0.032543 0.053098
0 0.434254 0.604445 0.033438 0.059156 0.052801
0 0.508814 0.813694 0.111754 0.245587 0.052262
0 0.462382 0.685163 0.056299 0.100145 0.051620
0 0.549545 0.905386 0.083222 0.171340 0.050828
