0 0.455842 0.807267 0.062526 0.384489 0.635215
0 0.229307 0.887719 0.179492 0.224562 0.631317
1 0.340887 0.724006 0.536494 0.042523 0.419930
1 0.296202 0.882191 0.303350 0.049481 0.290499
1 0.451055 0.723737 0.352529 0.043953 0.287541
0 0.256999 0.769521 0.067606 0.086083 0.214887
1 0.179754 0.728025 0.208734 0.028135 0.108382
1 0.146638 0.729378 0.293277 0.024885 0.096287
2 0.243832 0.887377 0.224677 0.225246 0.083525
1 0.299112 0.729661 0.475795 0.033610 0.062547
1 0.354910 0.882890 0.182560 0.041201 0.058337
