4 0.594054 0.699320 0.356511 0.180988 0.511659
4 0.253684 0.901320 0.366448 0.187730 0.364911
4 0.770615 0.806902 0.178520 0.150695 0.254467
2 0.770962 0.804126 0.187777 0.156885 0.242708
4 0.315040 0.907556 0.229143 0.154220 0.139476
4 0.257761 0.854350 0.482196 0.280804 0.136942
4 0.610063 0.674850 0.318234 0.128315 0.122721
4 0.799826 0.634574 0.111922 0.052248 0.114642
4 0.774065 0.820145 0.152409 0.120142 0.098491
4 0.807521 0.638572 0.091843 0.042830 0.089052
4 0.673505 0.671600 0.190829 0.099891 0.088262
4 0.392496 0.710903 0.775876 0.181802 0.085422
4 0.480184 0.624920 0.103565 0.040338 0.084368
4 0.283397 0.897805 0.508202 0.192802 0.084340
4 0.490880 0.624886 0.083544 0.035458 0.082684
4 0.642956 0.592897 0.063556 0.032397 0.081433
4 0.785682 0.629212 0.126417 0.062737 0.070204
4 0.485834 0.884884 0.123686 0.043354 0.070107
4 0.390867 0.785118 0.773256 0.322030 0.065468
4 0.679353 0.592766 0.139172 0.042782 0.055713
4 0.293961 0.818009 0.577909 0.343885 0.053238
4 0.462593 0.625335 0.147343 0.044909 0.052527
