3 0.345019 0.782000 0.371202 0.436000 0.755418
3 0.329305 0.733358 0.116539 0.042350 0.745714
2 0.839126 0.890317 0.321671 0.219366 0.486504
2 0.592852 0.723528 0.112794 0.084060 0.361539
2 0.802036 0.868021 0.394840 0.263890 0.312273
0 0.118488 0.394725 0.031032 0.095136 0.278810
2 0.644478 0.761940 0.246968 0.171578 0.194491
2 0.766450 0.840059 0.466789 0.318511 0.078428
2 0.590970 0.723166 0.150183 0.092386 0.077667
2 0.864658 0.650380 0.261262 0.052166 0.066875
2 0.825267 0.656043 0.344116 0.052333 0.061752
