0 0.075035 0.747821 0.118678 0.226453 0.769141
0 0.373431 0.467622 0.061947 0.118335 0.721178
0 0.306733 0.399609 0.108418 0.118629 0.581105
0 0.698437 0.596109 0.182921 0.308743 0.492619
1 0.785478 0.554006 0.144858 0.034479 0.315327
0 0.876381 0.430975 0.246986 0.134418 0.261511
0 0.857172 0.415086 0.158213 0.085831 0.131378
1 0.471076 0.357902 0.141135 0.033608 0.105562
0 0.246020 0.770055 0.133377 0.118456 0.095795
0 0.846297 0.412142 0.208717 0.111192 0.074848
0 0.091119 0.732019 0.087718 0.192149 0.071686
0 0.883871 0.460726 0.232040 0.178429 0.067293
2 0.468121 0.356034 0.133367 0.103076 0.064017
0 0.480275 0.383578 0.060530 0.045564 0.050713
