0 0.613390 0.797452 0.359364 0.401534 0.750935
1 0.191390 0.814251 0.379182 0.049406 0.577447
1 0.752995 0.742910 0.324789 0.076370 0.480235
1 0.503660 0.764347 0.121257 0.032938 0.353232
0 0.910970 0.841153 0.177987 0.125971 0.334653
1 0.604261 0.721063 0.101151 0.021012 0.233557
1 0.281122 0.788337 0.562244 0.101985 0.192881
1 0.662211 0.750198 0.486715 0.083368 0.141941
0 0.660815 0.834252 0.272926 0.330565 0.128240
1 0.204029 0.805829 0.408058 0.068983 0.119998
1 0.618827 0.719633 0.127814 0.024764 0.110104
1 0.680794 0.757099 0.177750 0.051882 0.067871
1 0.240741 0.814637 0.281441 0.045488 0.054592
1 0.603421 0.767464 0.346077 0.067885 0.052227
1 0.637226 0.717689 0.159053 0.029706 0.050863
