2 0.491460 0.389583 0.739343 0.623143 0.372819
0 0.060564 0.197080 0.120838 0.150649 0.214046
1 0.227346 0.282513 0.271567 0.052485 0.209010
1 0.717744 0.270554 0.346433 0.078017 0.188150
0 0.069221 0.339392 0.138442 0.574824 0.089426
2 0.582531 0.570550 0.380257 0.269892 0.088784
0 0.063084 0.232253 0.125502 0.231730 0.088129
1 0.086283 0.060597 0.172566 0.036965 0.087313
0 0.063770 0.287363 0.127539 0.346391 0.068913
1 0.699291 0.276418 0.293685 0.060615 0.067953
2 0.081338 0.158665 0.162396 0.273073 0.063228
1 0.089913 0.061851 0.159082 0.027405 0.060714
