3 0.153778 0.650392 0.306875 0.457208 0.597213
3 0.737929 0.692567 0.522970 0.543531 0.517745
1 0.154681 0.958963 0.309363 0.071909 0.469636
1 0.516028 0.599967 0.258028 0.041848 0.413022
0 0.322373 0.862015 0.076515 0.224925 0.362858
0 0.263806 0.691013 0.082817 0.066707 0.332031
0 0.315349 0.878408 0.063903 0.187664 0.230725
2 0.091798 0.768015 0.183481 0.160114 0.180953
1 0.480825 0.600590 0.334848 0.050314 0.149452
2 0.120439 0.757806 0.240878 0.187587 0.144154
0 0.327740 0.837844 0.088920 0.278173 0.138202
1 0.606619 0.969460 0.312585 0.060575 0.129275
1 0.540779 0.967530 0.439546 0.064939 0.118255
2 0.181366 0.813564 0.362732 0.372872 0.097115
1 0.171988 0.953440 0.268694 0.057923 0.088006
2 0.152011 0.743941 0.301309 0.212904 0.064028
1 0.471227 0.974322 0.272334 0.051357 0.062375
2 0.085111 0.807496 0.170222 0.259439 0.055949
2 0.150631 0.775230 0.301263 0.370246 0.052673
1 0.512179 0.973828 0.380762 0.052260 0.050603
