1 0.496574 0.345591 0.393766 0.056416 0.708895
0 0.255670 0.158921 0.043424 0.312828 0.669789
0 0.200689 0.532139 0.056260 0.274265 0.443208
0 0.297701 0.823135 0.072846 0.353731 0.229401
2 0.743723 0.392466 0.100694 0.147484 0.171589
0 0.205974 0.503225 0.066366 0.342176 0.166109
2 0.733525 0.382230 0.079969 0.134004 0.139281
0 0.230433 0.494518 0.113715 0.342747 0.122312
2 0.258749 0.380673 0.096122 0.066233 0.108253
0 0.975551 0.981356 0.048898 0.037289 0.100758
0 0.222726 0.626084 0.119125 0.580032 0.081048
2 0.754345 0.405993 0.123881 0.176491 0.072850
0 0.809107 0.434831 0.236844 0.236091 0.054430
0 0.205770 0.659567 0.109292 0.680865 0.051716
