1 0.881145 0.964662 0.235568 0.065403 0.720679
0 0.540882 0.774748 0.099174 0.172714 0.502152
0 0.523743 0.921872 0.070042 0.156256 0.447212
1 0.411117 0.679062 0.417341 0.032436 0.440912
0 0.522061 0.737564 0.138966 0.244602 0.267264
0 0.266199 0.839482 0.116985 0.318291 0.231477
0 0.540642 0.921335 0.104817 0.157329 0.151693
0 0.256828 0.874528 0.102101 0.250944 0.125866
0 0.257866 0.832853 0.089167 0.123205 0.100541
0 0.336756 0.661290 0.035307 0.034623 0.097637
0 0.425990 0.596550 0.019423 0.046189 0.092768
0 0.271363 0.784224 0.111296 0.235568 0.084154
1 0.332794 0.680877 0.264067 0.022980 0.074401
0 0.088889 0.803876 0.047601 0.043483 0.063417
0 0.515284 0.921379 0.048864 0.157243 0.058930
0 0.466163 0.640212 0.038273 0.067056 0.051647
