3 0.216894 0.927137 0.094510 0.042864 0.758069
1 0.548906 0.791790 0.189963 0.034045 0.436805
3 0.604835 0.731452 0.286201 0.259935 0.415267
3 0.205107 0.766105 0.035615 0.016604 0.276768
3 0.105626 0.856330 0.211251 0.272607 0.229087
1 0.712962 0.720226 0.257843 0.032179 0.130797
2 0.801020 0.735339 0.397091 0.083239 0.119218
3 0.151336 0.819059 0.302428 0.352387 0.114470
0 0.679480 0.808533 0.139130 0.109572 0.108636
2 0.886825 0.744800 0.226159 0.099502 0.068956
0 0.612712 0.748926 0.269781 0.225729 0.058815
2 0.823615 0.746836 0.352602 0.108290 0.057065
