1 0.471699 0.771371 0.278474 0.048450 0.668376
0 0.672317 0.875705 0.107491 0.247924 0.243468
3 0.907506 0.606984 0.082733 0.032362 0.221493
0 0.698117 0.875827 0.161989 0.247858 0.138048
1 0.040440 0.816976 0.080881 0.032182 0.131947
1 0.547768 0.677502 0.110575 0.028238 0.126062
0 0.562571 0.596877 0.139711 0.256489 0.076301
2 0.734876 0.877092 0.243875 0.245817 0.071002
1 0.561998 0.678423 0.145502 0.032797 0.065158
0 0.647228 0.800821 0.149505 0.397047 0.062031
2 0.701535 0.951341 0.116788 0.097318 0.056855
