2 0.672003 0.848042 0.410737 0.282756 0.676493
2 0.249013 0.794881 0.218185 0.241933 0.496149
3 0.732968 0.653768 0.534063 0.363237 0.492227
1 0.897981 0.898613 0.200556 0.041237 0.369100
4 0.078383 0.715791 0.059909 0.034192 0.165173
1 0.589981 0.722130 0.508044 0.047719 0.160071
2 0.229418 0.799308 0.158252 0.233941 0.147016
3 0.620627 0.596107 0.309268 0.248518 0.095846
3 0.261861 0.595746 0.076231 0.022911 0.083044
0 0.477882 0.756862 0.102277 0.450811 0.078305
2 0.503496 0.828587 0.855523 0.329382 0.050911
