1 0.207126 0.842114 0.225766 0.035732 0.624219
1 0.605227 0.653066 0.195337 0.033620 0.550424
0 0.087723 0.646282 0.175215 0.128856 0.409238
1 0.685787 0.694490 0.159145 0.030862 0.271364
1 0.193614 0.845630 0.258718 0.045502 0.235059
0 0.083933 0.671932 0.167867 0.169495 0.173574
0 0.092284 0.632594 0.128502 0.077590 0.122809
1 0.699531 0.693701 0.129491 0.026001 0.093489
1 0.711560 0.693446 0.238626 0.040746 0.063283
0 0.048264 0.790253 0.096529 0.122775 0.053558
0 0.044833 0.813345 0.089550 0.150821 0.050438
