0 0.182163 0.895237 0.153996 0.135571 0.650980
0 0.352449 0.750767 0.043734 0.043113 0.453856
0 0.377780 0.729029 0.089710 0.080291 0.332251
2 0.407603 0.831257 0.674531 0.216443 0.265480
0 0.348070 0.753863 0.053710 0.050922 0.211176
0 0.411176 0.700460 0.024693 0.027134 0.197117
0 0.252336 0.835565 0.106122 0.095251 0.161673
0 0.207273 0.871200 0.195940 0.175913 0.116313
2 0.355149 0.856099 0.709037 0.227282 0.077631
0 0.335751 0.763506 0.085530 0.074605 0.065268
0 0.340139 0.759060 0.069827 0.061502 0.060963
0 0.441789 0.679699 0.080881 0.064309 0.056960
0 0.429203 0.686951 0.057317 0.052099 0.054534
