0 0.330608 0.646422 0.076784 0.105610 0.836383
0 0.432501 0.765196 0.037357 0.105657 0.656722
0 0.049155 0.812224 0.098292 0.112183 0.527196
0 0.394745 0.908966 0.061422 0.182069 0.430694
1 0.354300 0.705020 0.654110 0.037735 0.430553
1 0.050323 0.910255 0.100646 0.051621 0.343491
1 0.339100 0.709854 0.614527 0.056342 0.217744
0 0.049626 0.846967 0.099252 0.185625 0.174298
1 0.279946 0.706278 0.480082 0.032755 0.097625
0 0.381528 0.908468 0.087855 0.182323 0.088639
1 0.049814 0.906338 0.099548 0.083820 0.071068
1 0.341394 0.697860 0.617855 0.050523 0.065314
