1 0.169030 0.781895 0.331858 0.059091 0.567553
3 0.586768 0.917693 0.143999 0.164613 0.390545
1 0.294551 0.622617 0.086364 0.021192 0.167189
1 0.230213 0.786852 0.200876 0.052997 0.117958
3 0.617253 0.916947 0.207748 0.165887 0.111898
1 0.809022 0.827239 0.366052 0.045785 0.097321
1 0.862511 0.825422 0.255376 0.046151 0.080084
1 0.665189 0.830882 0.165028 0.037574 0.079445
3 0.547722 0.813301 0.247993 0.373397 0.075238
1 0.691553 0.828973 0.109526 0.032162 0.070171
1 0.709837 0.706491 0.099019 0.020681 0.051226
