0 0.468334 0.682374 0.045578 0.255343 0.483428
1 0.285656 0.708355 0.143524 0.030680 0.288884
0 0.470151 0.698325 0.033851 0.234647 0.282332
1 0.270068 0.705301 0.296058 0.044704 0.196027
1 0.322891 0.709858 0.197758 0.032412 0.193296
4 0.851951 0.786153 0.035711 0.022978 0.177961
1 0.262842 0.706546 0.210155 0.035562 0.142175
1 0.301150 0.708480 0.255605 0.039101 0.139130
0 0.441701 0.708668 0.022624 0.088985 0.086936
4 0.756061 0.741102 0.028366 0.021500 0.067276
0 0.933455 0.956777 0.046532 0.035254 0.051035
