0 0.438940 0.698996 0.049980 0.159097 0.774691
0 0.692051 0.796399 0.211056 0.214440 0.367593
0 0.642488 0.759463 0.057799 0.106998 0.363180
0 0.731337 0.839269 0.299117 0.308813 0.286718
1 0.214916 0.704728 0.325751 0.032312 0.271728
1 0.560549 0.708807 0.203417 0.027465 0.234776
1 0.528709 0.708945 0.136437 0.024560 0.159283
0 0.050557 0.734942 0.101114 0.141724 0.153398
1 0.219563 0.663084 0.341072 0.026241 0.134182
0 0.049178 0.782152 0.098357 0.229936 0.122567
1 0.154352 0.704139 0.202037 0.023935 0.115227
1 0.179592 0.665753 0.242827 0.024510 0.113858
0 0.077938 0.686508 0.049090 0.039239 0.097318
1 0.576282 0.707591 0.235200 0.035795 0.084013
0 0.053176 0.710240 0.106352 0.097084 0.057209
0 0.014387 0.742277 0.028774 0.082783 0.055618
0 0.624747 0.738901 0.096804 0.138492 0.055157
