4 0.471981 0.720222 0.063954 0.068847 0.655229
2 0.479702 0.825017 0.318397 0.337402 0.561637
0 0.832468 0.745158 0.049069 0.070441 0.310690
4 0.775918 0.587875 0.066721 0.027410 0.266537
0 0.053426 0.938435 0.106852 0.121745 0.184959
1 0.762019 0.855103 0.454602 0.062177 0.122842
4 0.440489 0.787580 0.134795 0.110961 0.119250
4 0.449177 0.749081 0.177833 0.178826 0.073338
2 0.328945 0.821019 0.652131 0.350657 0.067512
4 0.443690 0.759886 0.130852 0.151300 0.060345
2 0.247775 0.694467 0.157471 0.130997 0.058641
4 0.470387 0.709812 0.068633 0.048791 0.058386
2 0.230925 0.708066 0.179321 0.151661 0.050668
