1 0.278758 0.894279 0.524333 0.141598 0.750297
0 0.308534 0.661185 0.038912 0.069579 0.449340
0 0.704488 0.831955 0.056582 0.063631 0.390304
0 0.492466 0.762208 0.052855 0.147579 0.297206
0 0.398376 0.760898 0.018178 0.143077 0.282874
0 0.289283 0.605756 0.044935 0.045653 0.273482
0 0.304389 0.655341 0.028975 0.057219 0.257750
1 0.264803 0.743188 0.243229 0.041288 0.255047
1 0.417813 0.849823 0.212914 0.033836 0.219902
1 0.282999 0.750291 0.207319 0.035103 0.196993
0 0.233012 0.645662 0.060944 0.061765 0.179077
1 0.301662 0.753183 0.168953 0.032326 0.158817
0 0.239323 0.638550 0.070372 0.074786 0.154108
0 0.250404 0.643324 0.092802 0.093746 0.149174
1 0.288992 0.711238 0.192853 0.052358 0.141915
1 0.274105 0.735426 0.228291 0.043950 0.141045
0 0.404437 0.887190 0.014170 0.045070 0.137706
1 0.236606 0.742675 0.303435 0.033574 0.135441
0 0.367571 0.611893 0.015750 0.046152 0.128090
1 0.459624 0.846080 0.119181 0.030827 0.124133
0 0.258059 0.629386 0.106774 0.094696 0.121520
1 0.456357 0.935049 0.177711 0.019626 0.120518
1 0.403468 0.852233 0.186111 0.026400 0.109081
0 0.221317 0.694950 0.040483 0.048941 0.103676
0 0.520316 0.833914 0.060320 0.179650 0.099283
1 0.440211 0.846475 0.162644 0.036142 0.092546
0 0.222202 0.652636 0.040813 0.050141 0.084356
0 0.404497 0.875636 0.017228 0.073119 0.080679
0 0.440688 0.665135 0.027015 0.038124 0.078482
0 0.398170 0.787411 0.017815 0.102325 0.076736
1 0.299851 0.733142 0.173954 0.035485 0.074304
1 0.260665 0.735272 0.181937 0.025536 0.071623
1 0.242573 0.702254 0.083885 0.054951 0.070876
0 0.292004 0.601379 0.050936 0.058030 0.067766
1 0.279427 0.702684 0.166827 0.062597 0.066912
0 0.504729 0.790865 0.027541 0.085148 0.063729
0 0.509762 0.804834 0.084282 0.239737 0.062572
1 0.204364 0.734439 0.072361 0.015805 0.061468
0 0.286256 0.611259 0.042191 0.040978 0.060978
1 0.430752 0.850926 0.186301 0.046099 0.060960
1 0.393002 0.848317 0.273258 0.040654 0.059517
1 0.308015 0.730758 0.157597 0.026475 0.058179
1 0.305127 0.722046 0.161525 0.029870 0.056796
