0 0.924277 0.756197 0.128175 0.146197 0.862688
0 0.689535 0.307290 0.337555 0.308216 0.855859
0 0.792935 0.605072 0.174650 0.109432 0.838743
1 0.354486 0.618531 0.692383 0.130710 0.655304
0 0.883875 0.573155 0.042152 0.211072 0.579702
1 0.931440 0.456350 0.136565 0.030098 0.528407
0 0.890276 0.579352 0.029196 0.200904 0.463250
0 0.980779 0.909469 0.034410 0.177037 0.370088
1 0.134299 0.843964 0.268597 0.104101 0.291699
1 0.133510 0.865124 0.267019 0.126233 0.177432
0 0.137221 0.841279 0.269962 0.106730 0.129200
0 0.975649 0.913526 0.048701 0.172712 0.128194
1 0.138875 0.888164 0.277750 0.193864 0.118613
1 0.112544 0.856965 0.225088 0.075627 0.087909
0 0.575149 0.182390 0.104336 0.050574 0.075184
1 0.930475 0.446237 0.137850 0.045910 0.062839
1 0.930966 0.432098 0.138067 0.067759 0.062223
1 0.138460 0.818588 0.276565 0.156981 0.057954
1 0.941524 0.518243 0.116953 0.056301 0.054014
0 0.892517 0.594660 0.022730 0.186682 0.051920
