2 0.559645 0.611109 0.476252 0.144377 0.218117
2 0.428550 0.611283 0.213358 0.133870 0.167652
3 0.877900 0.716371 0.244200 0.225570 0.160332
2 0.468314 0.608471 0.298373 0.142828 0.138237
3 0.801016 0.660560 0.397184 0.326857 0.136853
3 0.818525 0.708861 0.362257 0.327481 0.100763
1 0.214815 0.559307 0.112684 0.022002 0.090920
1 0.753125 0.576364 0.109635 0.023198 0.078753
3 0.875234 0.680873 0.235508 0.152061 0.069190
2 0.421026 0.631555 0.189343 0.091913 0.066189
3 0.283586 0.551718 0.161713 0.230801 0.057823
