0 0.489997 0.710590 0.108396 0.276358 0.746599
0 0.768637 0.712205 0.462686 0.300061 0.690638
1 0.705518 0.776861 0.329014 0.049785 0.665201
0 0.316135 0.743016 0.128094 0.329518 0.579121
0 0.636270 0.918338 0.150207 0.163324 0.468624
0 0.140175 0.832956 0.156042 0.231803 0.282509
0 0.827955 0.907025 0.111019 0.105210 0.221825
0 0.572060 0.786536 0.259287 0.426927 0.171384
0 0.113357 0.870303 0.091243 0.173437 0.139333
0 0.308380 0.784188 0.149128 0.412068 0.102738
0 0.330718 0.957365 0.041148 0.085269 0.096774
0 0.272872 0.869692 0.033710 0.076883 0.095515
0 0.338704 0.701456 0.078021 0.250945 0.092351
1 0.975526 0.943288 0.048765 0.037376 0.083476
1 0.829311 0.907712 0.115376 0.102840 0.082206
2 0.222588 0.796707 0.335261 0.393834 0.072407
0 0.911510 0.936163 0.066405 0.069813 0.071178
0 0.476695 0.668679 0.080252 0.158744 0.063867
0 0.942007 0.696582 0.115987 0.106133 0.059054
0 0.950273 0.722422 0.098981 0.147637 0.057295
2 0.285288 0.786972 0.203383 0.415954 0.055105
2 0.230950 0.834538 0.341615 0.266958 0.050228
