1 0.455498 0.612669 0.170792 0.038109 0.664099
1 0.731656 0.920916 0.501378 0.086546 0.545081
1 0.343278 0.829335 0.305455 0.055384 0.521791
1 0.300943 0.828034 0.406779 0.062188 0.297754
1 0.300508 0.689062 0.192561 0.036963 0.287912
1 0.647566 0.626415 0.171747 0.043595 0.284530
3 0.235997 0.708791 0.471993 0.576497 0.276100
1 0.273848 0.690306 0.155124 0.034413 0.098606
3 0.276926 0.646983 0.387916 0.453112 0.066931
1 0.630356 0.631093 0.134787 0.033551 0.064929
0 0.822613 0.648262 0.090474 0.153777 0.057799
1 0.252411 0.690815 0.115726 0.032150 0.056850
1 0.189447 0.835420 0.225138 0.047320 0.055420
