3 0.261285 0.345264 0.518872 0.443853 0.681651
1 0.561825 0.549142 0.380457 0.057519 0.464606
1 0.571425 0.383483 0.276540 0.045753 0.460706
1 0.174017 0.582473 0.348035 0.074694 0.408624
1 0.539032 0.716592 0.413329 0.072846 0.345125
1 0.444304 0.558357 0.637602 0.072984 0.174877
1 0.747523 0.496038 0.125208 0.033321 0.163691
0 0.899971 0.483184 0.199939 0.545116 0.146688
0 0.895128 0.390939 0.209294 0.379597 0.144540
2 0.622846 0.383086 0.353288 0.203987 0.134090
0 0.034541 0.452353 0.068943 0.089446 0.130135
1 0.472847 0.548959 0.563450 0.070250 0.124823
1 0.656209 0.340474 0.187778 0.036793 0.119994
0 0.361945 0.585453 0.100824 0.253262 0.112801
1 0.642218 0.342830 0.149630 0.030254 0.112287
1 0.617826 0.369736 0.364739 0.126160 0.109800
1 0.571007 0.443997 0.204425 0.073165 0.109739
0 0.350892 0.635891 0.075662 0.157016 0.107426
1 0.500947 0.709084 0.489790 0.087479 0.098643
3 0.304892 0.219403 0.106136 0.033863 0.090908
2 0.501863 0.445988 0.599314 0.350074 0.090907
1 0.536624 0.229762 0.226351 0.035003 0.086380
0 0.033586 0.477252 0.066643 0.137481 0.084824
0 0.917413 0.450237 0.164595 0.377371 0.081955
1 0.313903 0.563118 0.627807 0.093666 0.076800
0 0.906442 0.367412 0.186410 0.277703 0.069974
0 0.739242 0.346368 0.049655 0.124244 0.069886
1 0.420527 0.546212 0.715810 0.131775 0.059107
0 0.918676 0.411831 0.162512 0.262151 0.058224
1 0.613552 0.385574 0.360229 0.061243 0.055573
1 0.623939 0.389638 0.348361 0.186535 0.050398
