3 0.795846 0.755644 0.408307 0.475256 0.759815
3 0.228292 0.781463 0.432125 0.437073 0.724934
3 0.711626 0.743963 0.576749 0.455664 0.641392
1 0.236373 0.916860 0.208420 0.040595 0.522883
1 0.660583 0.866992 0.269816 0.044626 0.469627
1 0.279728 0.918812 0.157964 0.032822 0.317179
1 0.625662 0.767255 0.625063 0.055356 0.288432
1 0.278092 0.839440 0.139920 0.028042 0.272617
1 0.903098 0.667664 0.193715 0.035754 0.253940
1 0.602932 0.871276 0.150682 0.035475 0.235860
1 0.590290 0.977722 0.253718 0.044556 0.172478
1 0.216960 0.916150 0.184763 0.032051 0.138904
1 0.295474 0.840263 0.106346 0.024715 0.121878
1 0.586859 0.767371 0.569231 0.042297 0.111336
1 0.730567 0.978666 0.524043 0.042669 0.077192
1 0.191990 0.915066 0.139820 0.029935 0.057592
1 0.629182 0.974354 0.342516 0.051127 0.054895
