3 0.759129 0.792132 0.481277 0.415735 0.730650
1 0.115654 0.843489 0.219649 0.048165 0.674607
3 0.157664 0.730472 0.314932 0.423316 0.618958
1 0.527255 0.763812 0.349063 0.057156 0.562829
1 0.444895 0.753001 0.186045 0.041373 0.208463
0 0.280855 0.808927 0.205268 0.382146 0.205934
0 0.235431 0.858445 0.117617 0.283110 0.191774
0 0.353823 0.675161 0.077123 0.122924 0.176707
0 0.258183 0.854402 0.167916 0.290386 0.083863
0 0.241061 0.811442 0.239810 0.376423 0.073374
0 0.365520 0.676508 0.123068 0.116183 0.072794
0 0.216456 0.920216 0.074615 0.159568 0.058757
