3 0.903205 0.272126 0.087909 0.020986 0.719171
1 0.294757 0.595866 0.127348 0.035786 0.614081
3 0.657782 0.250614 0.070535 0.081113 0.487879
1 0.922848 0.457170 0.154024 0.049035 0.435453
1 0.772685 0.452063 0.133244 0.043730 0.433281
1 0.608038 0.331800 0.432463 0.043224 0.428709
3 0.216392 0.384016 0.431919 0.402315 0.402286
3 0.914718 0.698030 0.170564 0.490178 0.378799
0 0.785095 0.317067 0.030042 0.041511 0.328410
1 0.854636 0.452145 0.290176 0.058347 0.161251
3 0.912005 0.622671 0.175027 0.340189 0.079031
1 0.915909 0.455733 0.168182 0.074725 0.055188
1 0.876543 0.455554 0.246914 0.075484 0.054101
3 0.769009 0.232436 0.134297 0.061714 0.052087
0 0.355982 0.408908 0.063959 0.102571 0.052049
