0 0.145545 0.786986 0.291090 0.335032 0.691927
0 0.457705 0.773122 0.054941 0.266084 0.659384
0 0.676136 0.670187 0.086090 0.065241 0.521436
1 0.547967 0.717103 0.118257 0.024257 0.298583
0 0.929567 0.861579 0.140866 0.191160 0.292106
2 0.804572 0.815713 0.386472 0.315155 0.258352
0 0.271760 0.781752 0.244984 0.434749 0.204185
0 0.215238 0.802280 0.362311 0.393107 0.196349
1 0.470908 0.712829 0.307866 0.037249 0.182615
2 0.249240 0.798004 0.303934 0.399582 0.147880
0 0.718008 0.810202 0.221455 0.265848 0.138518
1 0.374606 0.711357 0.496564 0.043966 0.126540
1 0.870948 0.759372 0.253231 0.045441 0.108643
1 0.561007 0.711918 0.495981 0.040411 0.107448
1 0.875042 0.760050 0.243495 0.030586 0.077633
0 0.753236 0.803938 0.319615 0.300785 0.072842
1 0.857811 0.707512 0.282591 0.036379 0.072742
