2 0.170610 0.841860 0.336141 0.308365 0.848160
2 0.405647 0.769112 0.124459 0.131158 0.622964
0 0.308883 0.921226 0.065511 0.146651 0.248512
0 0.398974 0.614948 0.014444 0.051538 0.219041
2 0.274885 0.670664 0.106837 0.090231 0.140663
2 0.346452 0.602787 0.036414 0.038551 0.124391
2 0.288158 0.668478 0.077477 0.081799 0.116574
2 0.346214 0.608174 0.032256 0.043675 0.078341
2 0.350186 0.598785 0.031653 0.039373 0.077536
2 0.347034 0.603707 0.037878 0.054843 0.076109
0 0.233379 0.541966 0.032045 0.040156 0.075596
0 0.432830 0.641862 0.011247 0.034863 0.075080
2 0.292237 0.658034 0.104491 0.095342 0.070825
2 0.333187 0.610014 0.058335 0.053632 0.062414
2 0.343657 0.602292 0.038415 0.029464 0.057990
