4 0.237452 0.634268 0.474905 0.199919 0.682174
4 0.095309 0.920033 0.129220 0.108863 0.442864
4 0.088446 0.924673 0.108558 0.087450 0.168147
4 0.240740 0.608143 0.468433 0.139422 0.166937
4 0.334324 0.478508 0.207761 0.095768 0.146678
4 0.502632 0.480999 0.062137 0.035693 0.131594
4 0.495257 0.916616 0.973223 0.166769 0.126009
4 0.713125 0.504798 0.169775 0.082548 0.104526
4 0.081361 0.933115 0.091002 0.069991 0.090688
4 0.164053 0.928346 0.304477 0.141641 0.063175
4 0.337508 0.914449 0.663466 0.171102 0.053042
