0 0.126697 0.936147 0.074824 0.123235 0.775303
0 0.323559 0.703792 0.038984 0.103260 0.667962
0 0.282135 0.823024 0.057037 0.086877 0.567795
0 0.352683 0.605004 0.017049 0.070351 0.457633
0 0.283416 0.886726 0.052484 0.215722 0.349881
0 0.278462 0.928824 0.016471 0.131271 0.294083
0 0.068903 0.779736 0.093140 0.088023 0.292930
0 0.330098 0.647757 0.016573 0.027044 0.247977
1 0.320558 0.762588 0.151285 0.028795 0.208236
1 0.364900 0.757825 0.248689 0.040210 0.194913
0 0.287794 0.902810 0.040551 0.184525 0.182295
0 0.322571 0.650593 0.031801 0.030444 0.153454
0 0.054380 0.788171 0.058698 0.068778 0.149360
0 0.062788 0.783414 0.112123 0.104966 0.135375
1 0.389454 0.753705 0.200894 0.037140 0.111921
0 0.323630 0.687401 0.037623 0.096496 0.106667
0 0.055315 0.805294 0.108498 0.131224 0.101270
0 0.302975 0.806690 0.016323 0.049614 0.098984
1 0.358240 0.764538 0.226874 0.035725 0.088409
0 0.315383 0.734528 0.022666 0.054952 0.085480
0 0.331062 0.665295 0.047330 0.143468 0.085135
1 0.445119 0.748875 0.089438 0.030626 0.077941
0 0.015168 0.826476 0.030180 0.057772 0.076086
1 0.292681 0.770750 0.185726 0.023655 0.070047
0 0.043993 0.793672 0.082448 0.079029 0.069190
1 0.202356 0.707566 0.063469 0.017942 0.067139
0 0.035157 0.803808 0.031629 0.044163 0.065806
1 0.441456 0.748425 0.095552 0.020726 0.065257
0 0.010458 0.802002 0.020916 0.042890 0.063601
0 0.022510 0.813217 0.044556 0.045668 0.059429
0 0.041493 0.833876 0.082987 0.154931 0.055880
0 0.085946 0.770913 0.130911 0.109912 0.055423
0 0.013921 0.844120 0.027818 0.075110 0.055027
0 0.121585 0.736719 0.074245 0.049090 0.053661
1 0.316397 0.755675 0.330046 0.035177 0.052456
0 0.018094 0.837949 0.036188 0.071233 0.051006
0 0.381677 0.554588 0.012239 0.027528 0.050604
