3 0.558988 0.571996 0.246746 0.198148 0.884006
2 0.273473 0.754170 0.173290 0.156385 0.587400
0 0.762790 0.599271 0.093438 0.114744 0.304280
2 0.182657 0.824989 0.353663 0.320140 0.234731
0 0.774796 0.616816 0.072130 0.084121 0.201934
1 0.508421 0.645174 0.080324 0.026580 0.087025
2 0.968684 0.818016 0.062633 0.358957 0.070554
2 0.974843 0.719195 0.050240 0.124580 0.069045
0 0.980198 0.827305 0.039419 0.342535 0.058467
0 0.984454 0.723010 0.031092 0.111636 0.056150
1 0.101164 0.807936 0.189960 0.039627 0.053652
2 0.977056 0.824264 0.045573 0.340476 0.050627
