0 0.242917 0.925909 0.120076 0.135846 0.628293
0 0.205819 0.648360 0.039087 0.040471 0.452568
1 0.322994 0.853543 0.468924 0.049618 0.292976
0 0.100018 0.739843 0.059336 0.043960 0.222457
1 0.417428 0.858031 0.271103 0.028503 0.218290
1 0.365405 0.727407 0.088018 0.017827 0.213977
0 0.310317 0.791700 0.024959 0.130187 0.205859
0 0.020032 0.835076 0.040065 0.118255 0.183169
0 0.020064 0.814882 0.040127 0.074891 0.179802
0 0.021396 0.804573 0.042513 0.056336 0.153826
0 0.421017 0.751127 0.026543 0.095707 0.138676
0 0.019424 0.858439 0.038800 0.161742 0.134914
0 0.406667 0.576496 0.011134 0.022567 0.130407
0 0.306426 0.798985 0.021696 0.123073 0.122891
0 0.200251 0.656436 0.056371 0.054984 0.116103
0 0.409027 0.683249 0.010620 0.083932 0.103679
0 0.428422 0.774175 0.012628 0.047164 0.102402
0 0.426553 0.769574 0.016171 0.062237 0.098430
0 0.063670 0.778223 0.127341 0.128063 0.091324
1 0.234556 0.869391 0.466667 0.054113 0.086292
1 0.242917 0.858804 0.323056 0.031239 0.085538
1 0.257295 0.851632 0.351572 0.024859 0.085355
0 0.419115 0.733881 0.032345 0.136323 0.082532
0 0.209266 0.643845 0.047192 0.051031 0.080513
1 0.280603 0.876302 0.561206 0.094014 0.077100
0 0.026583 0.808174 0.051737 0.073117 0.070899
0 0.087698 0.748002 0.078853 0.054154 0.068757
1 0.165345 0.874582 0.330690 0.062115 0.063925
0 0.408550 0.705014 0.008855 0.041139 0.060687
