0 0.387549 0.760618 0.168981 0.212109 0.653413
0 0.427075 0.705606 0.089641 0.111292 0.209224
0 0.352180 0.806276 0.101413 0.127219 0.196480
0 0.823485 0.790834 0.112121 0.116551 0.148182
0 0.673350 0.634859 0.099137 0.107130 0.141132
2 0.863200 0.796820 0.270688 0.115617 0.121474
0 0.661982 0.626066 0.091605 0.104400 0.096017
0 0.435019 0.697034 0.075026 0.090739 0.094987
2 0.800158 0.786950 0.171105 0.122333 0.094684
0 0.799182 0.761141 0.064373 0.060671 0.086436
0 0.684662 0.645814 0.100135 0.108124 0.070165
0 0.342244 0.817552 0.083272 0.108948 0.067131
0 0.818723 0.792104 0.181259 0.115925 0.059839
0 0.791377 0.754771 0.077805 0.072078 0.059755
