1 0.503314 0.801681 0.990739 0.089794 0.468592
0 0.198898 0.701765 0.094966 0.121008 0.394391
1 0.072436 0.764595 0.140071 0.038409 0.331641
1 0.208883 0.642670 0.285977 0.039456 0.296338
1 0.515714 0.584489 0.425062 0.055692 0.242674
1 0.318794 0.788828 0.637587 0.061733 0.107109
1 0.093837 0.672275 0.120394 0.027053 0.089425
1 0.072501 0.768588 0.144912 0.053952 0.072273
1 0.071111 0.778539 0.141587 0.052649 0.061953
1 0.457845 0.579478 0.468381 0.055470 0.059343
0 0.193219 0.708063 0.120032 0.141348 0.056839
1 0.451304 0.789598 0.898867 0.069712 0.055220
