4 0.465222 0.749979 0.108787 0.054770 0.521351
4 0.312918 0.624115 0.293433 0.096724 0.507461
4 0.447860 0.715509 0.198983 0.118720 0.480182
4 0.288347 0.710256 0.089972 0.069933 0.479927
4 0.380773 0.724630 0.066337 0.045370 0.358419
4 0.560243 0.718485 0.075183 0.043851 0.293124
0 0.707827 0.640331 0.051656 0.148942 0.289562
4 0.205516 0.731004 0.050685 0.035866 0.264921
4 0.583702 0.619875 0.037422 0.026304 0.257639
3 0.897731 0.738871 0.204538 0.206363 0.218590
4 0.264328 0.711367 0.147094 0.076799 0.206441
4 0.278201 0.633093 0.238253 0.077819 0.141350
4 0.523176 0.569327 0.111464 0.049637 0.123529
4 0.554395 0.721275 0.065892 0.032169 0.121409
4 0.476507 0.719117 0.136125 0.122118 0.117723
0 0.710538 0.688160 0.061979 0.241220 0.109677
0 0.100010 0.744567 0.198262 0.104345 0.071353
4 0.572243 0.719575 0.101370 0.054357 0.069228
4 0.266625 0.638354 0.187670 0.073131 0.064227
4 0.395164 0.710821 0.097051 0.077101 0.056877
