1 0.573954 0.949739 0.288112 0.047014 0.699476
0 0.832649 0.776483 0.330147 0.188711 0.628574
1 0.908461 0.946855 0.182896 0.102972 0.531547
1 0.880591 0.722453 0.219315 0.037178 0.388163
0 0.380172 0.730511 0.038125 0.151317 0.207889
1 0.099339 0.901381 0.098895 0.025590 0.082162
0 0.384924 0.710164 0.039499 0.169012 0.073755
1 0.886343 0.717721 0.227315 0.051596 0.070875
1 0.909926 0.919769 0.179836 0.158749 0.069632
1 0.712014 0.950492 0.572640 0.096908 0.068936
0 0.884086 0.807524 0.231829 0.146134 0.064369
