1 0.707581 0.933408 0.089768 0.078467 0.616224
1 0.567895 0.687560 0.107905 0.035365 0.530350
0 0.132408 0.871667 0.261478 0.120230 0.502078
1 0.133227 0.870496 0.261340 0.114285 0.493862
0 0.720598 0.699143 0.402144 0.187364 0.455259
1 0.087518 0.754301 0.175036 0.069434 0.375508
0 0.779543 0.972316 0.069787 0.053894 0.369277
2 0.733308 0.704992 0.425380 0.196503 0.335878
1 0.777559 0.972208 0.075977 0.054907 0.320696
0 0.057816 0.671060 0.115633 0.128763 0.258701
0 0.053861 0.697968 0.107722 0.173286 0.215499
1 0.084564 0.777837 0.169129 0.112417 0.132452
1 0.071495 0.761948 0.142975 0.070685 0.078566
1 0.756615 0.971283 0.122515 0.056923 0.078335
0 0.068780 0.734675 0.137560 0.201763 0.058729
