3 0.252038 0.699001 0.217404 0.595516 0.846520
0 0.600745 0.681285 0.121423 0.164542 0.806047
0 0.822111 0.562459 0.112102 0.051041 0.615408
1 0.130729 0.730809 0.261458 0.045914 0.370462
0 0.482622 0.854468 0.105250 0.169715 0.268653
1 0.724385 0.792621 0.524069 0.055411 0.260132
0 0.509660 0.890543 0.042887 0.095256 0.233483
0 0.851996 0.730617 0.275075 0.172540 0.225866
1 0.143610 0.735723 0.287221 0.061528 0.146353
1 0.582967 0.790176 0.267321 0.044201 0.135152
0 0.960015 0.806712 0.079724 0.106091 0.115471
3 0.851357 0.699342 0.296450 0.307483 0.082802
1 0.230033 0.730042 0.192300 0.043265 0.080602
0 0.797871 0.696795 0.164768 0.098573 0.074425
1 0.236425 0.733183 0.248610 0.047317 0.070825
0 0.941311 0.797009 0.117254 0.088825 0.053691
