1 0.112084 0.797216 0.224168 0.036543 0.297517
1 0.594713 0.816387 0.285522 0.037487 0.236690
1 0.537761 0.815025 0.403942 0.038740 0.127001
0 0.578318 0.845136 0.059642 0.070174 0.098962
1 0.457137 0.814760 0.596075 0.053291 0.096829
1 0.370250 0.807951 0.722306 0.075959 0.092816
1 0.059990 0.822815 0.119171 0.029931 0.092808
0 0.538158 0.676441 0.074549 0.063096 0.076749
1 0.112445 0.808740 0.224344 0.050719 0.075651
0 0.260239 0.832061 0.032185 0.047424 0.058776
1 0.215939 0.709770 0.176553 0.040669 0.050554
