0 0.214539 0.289998 0.067254 0.054681 0.676604
3 0.041976 0.225000 0.083297 0.021430 0.638405
0 0.428722 0.457173 0.112667 0.313499 0.529658
0 0.429759 0.362366 0.079935 0.126512 0.389889
0 0.347899 0.872432 0.432862 0.240601 0.324710
0 0.423908 0.524386 0.098984 0.181718 0.249379
0 0.461817 0.646542 0.203864 0.706915 0.171221
0 0.440384 0.358586 0.053348 0.114776 0.134534
3 0.083809 0.184545 0.053952 0.012946 0.106272
0 0.449563 0.627775 0.162009 0.407010 0.095442
1 0.371166 0.842201 0.390652 0.180018 0.090164
0 0.406633 0.649923 0.337377 0.700154 0.086661
0 0.450603 0.586806 0.169297 0.573794 0.075963
1 0.079153 0.974822 0.155550 0.049326 0.075541
2 0.360894 0.649992 0.421983 0.698160 0.073487
0 0.366417 0.834422 0.408444 0.194046 0.063104
