0 0.470707 0.719897 0.169819 0.272110 0.764680
0 0.246481 0.795934 0.151198 0.405589 0.571235
1 0.466593 0.604914 0.136239 0.024550 0.294766
0 0.077139 0.761315 0.154278 0.170127 0.275727
0 0.078389 0.795625 0.156778 0.239467 0.198628
0 0.219671 0.801026 0.234248 0.395406 0.177758
2 0.174818 0.799844 0.346484 0.394962 0.162682
0 0.849907 0.721023 0.297787 0.145630 0.146666
2 0.247749 0.798682 0.195726 0.398154 0.122139
0 0.102670 0.729620 0.205341 0.242056 0.113444
2 0.499896 0.819474 0.120404 0.078042 0.101310
0 0.849698 0.750552 0.300604 0.213496 0.074237
1 0.251899 0.672792 0.364327 0.053426 0.058443
