0 0.304764 0.787673 0.155510 0.319044 0.712503
0 0.722093 0.768582 0.360482 0.225227 0.573110
0 0.448280 0.636079 0.123989 0.085345 0.349537
0 0.023455 0.643184 0.046910 0.138001 0.240185
0 0.022532 0.620517 0.045063 0.090977 0.231646
1 0.211656 0.633130 0.194557 0.033541 0.210773
0 0.680002 0.748664 0.444872 0.269202 0.170962
0 0.022949 0.606620 0.045898 0.060688 0.141707
0 0.022991 0.678548 0.045982 0.210739 0.134067
1 0.933867 0.942388 0.131176 0.069431 0.093564
1 0.895625 0.881882 0.205260 0.206066 0.089358
0 0.595507 0.782556 0.648044 0.379994 0.079380
0 0.022786 0.723687 0.045571 0.302474 0.059067
0 0.272455 0.740399 0.087109 0.220560 0.057255
