0 0.293076 0.844685 0.052510 0.301069 0.811284
0 0.453676 0.958338 0.024354 0.071193 0.386178
0 0.407533 0.668538 0.058434 0.183645 0.282454
0 0.493987 0.937994 0.038631 0.116112 0.210333
0 0.479217 0.895498 0.063264 0.192761 0.118929
0 0.489693 0.922004 0.046831 0.145764 0.098533
0 0.306017 0.655849 0.038282 0.091550 0.083858
0 0.460616 0.941797 0.037559 0.108781 0.080758
0 0.233026 0.669133 0.027208 0.033301 0.073108
0 0.369314 0.575277 0.010126 0.038518 0.058434
0 0.390314 0.617200 0.025368 0.108813 0.055676
0 0.310012 0.639440 0.031001 0.067405 0.055057
0 0.353456 0.619298 0.023530 0.052934 0.050616
