0 0.289106 0.740504 0.577504 0.230442 0.446132
1 0.132533 0.664814 0.264857 0.085859 0.352199
1 0.290534 0.739421 0.581068 0.230766 0.339170
0 0.411332 0.776847 0.330855 0.166233 0.194941
1 0.972620 0.792188 0.054761 0.047017 0.095888
1 0.953071 0.789052 0.093719 0.052845 0.075330
1 0.965893 0.797858 0.067651 0.058489 0.058430
1 0.955360 0.761699 0.088923 0.101583 0.054498
1 0.951463 0.775908 0.096826 0.075888 0.053814
1 0.966743 0.771144 0.066301 0.085447 0.053682
1 0.949827 0.797717 0.100346 0.066929 0.053066
