0 0.504978 0.769680 0.024948 0.070346 0.713522
0 0.472103 0.950421 0.022963 0.094994 0.643656
0 0.421667 0.700895 0.023461 0.078923 0.558001
0 0.427351 0.806257 0.014471 0.086852 0.488644
0 0.199547 0.877739 0.063415 0.107568 0.456921
0 0.247339 0.653252 0.036860 0.048938 0.371292
0 0.428505 0.797462 0.012723 0.069395 0.354450
0 0.448831 0.758142 0.017686 0.029629 0.295937
0 0.426870 0.906496 0.012338 0.037420 0.278591
0 0.300479 0.580602 0.056382 0.056195 0.262043
0 0.353918 0.554218 0.013622 0.021143 0.251602
0 0.305736 0.574386 0.046634 0.043637 0.186894
0 0.041384 0.853505 0.082720 0.139693 0.174396
0 0.410465 0.621097 0.012245 0.041605 0.173368
0 0.039365 0.881331 0.078730 0.177846 0.162896
2 0.173467 0.689562 0.170258 0.160197 0.162620
4 0.360014 0.748245 0.017003 0.024416 0.140131
1 0.366208 0.643857 0.069186 0.015068 0.131396
0 0.290794 0.589763 0.058416 0.050997 0.122206
2 0.160134 0.707567 0.181557 0.166596 0.097071
0 0.313627 0.566505 0.033632 0.031676 0.095864
2 0.135824 0.718416 0.104301 0.106384 0.093031
0 0.291558 0.587563 0.073737 0.062550 0.090223
1 0.433846 0.622254 0.050179 0.016753 0.087636
0 0.236065 0.651922 0.058546 0.054574 0.087180
0 0.408407 0.574826 0.015403 0.026430 0.080545
0 0.020046 0.826832 0.040052 0.056369 0.079614
0 0.089909 0.792431 0.179757 0.247200 0.075698
0 0.034264 0.844564 0.068528 0.110794 0.071733
0 0.429332 0.797439 0.022241 0.109082 0.068521
2 0.128927 0.730555 0.150603 0.173840 0.066586
0 0.422832 0.751343 0.024610 0.187890 0.063566
1 0.354807 0.644899 0.095189 0.016892 0.062172
0 0.415063 0.553224 0.011515 0.034922 0.061026
2 0.100039 0.756581 0.191067 0.203832 0.060023
0 0.018686 0.843361 0.037294 0.077941 0.059103
2 0.177887 0.673258 0.140503 0.128620 0.058885
2 0.151284 0.705778 0.082704 0.095370 0.057384
1 0.375699 0.641612 0.091262 0.017881 0.056516
0 0.350558 0.555274 0.020101 0.023760 0.055172
0 0.245050 0.625653 0.041348 0.041153 0.053570
0 0.133391 0.720885 0.107900 0.108713 0.053218
0 0.026822 0.857539 0.053644 0.107070 0.051444
0 0.409808 0.605290 0.015034 0.074059 0.051110
0 0.023489 0.845086 0.046978 0.098848 0.050855
