4 0.559133 0.620772 0.064672 0.031962 0.646401
0 0.707154 0.676175 0.101749 0.144803 0.527400
4 0.405005 0.642745 0.248147 0.060349 0.481224
4 0.564016 0.581793 0.044338 0.030742 0.452205
0 0.580903 0.727677 0.087300 0.133640 0.333871
4 0.386173 0.639404 0.188253 0.050298 0.248358
4 0.564918 0.699147 0.050238 0.062032 0.146998
4 0.571998 0.724433 0.068147 0.138181 0.143148
4 0.370323 0.639846 0.146671 0.044389 0.113285
2 0.588455 0.724951 0.103677 0.136834 0.110219
4 0.575056 0.775563 0.046081 0.040135 0.051973
