0 0.066195 0.932948 0.085973 0.123882 0.837603
0 0.418904 0.727773 0.027402 0.099820 0.750553
0 0.392746 0.922760 0.039207 0.151249 0.742540
0 0.367565 0.682913 0.034381 0.172884 0.536581
0 0.367889 0.581705 0.018846 0.030298 0.229256
0 0.363652 0.704802 0.030531 0.211171 0.173047
1 0.439125 0.785277 0.137129 0.022484 0.155090
0 0.352748 0.819892 0.019416 0.116558 0.152073
1 0.192015 0.769166 0.358860 0.026446 0.144283
0 0.349844 0.829600 0.015888 0.097444 0.120333
1 0.429862 0.789361 0.170543 0.031758 0.104728
1 0.446688 0.786799 0.123113 0.016553 0.092499
1 0.431053 0.782264 0.159832 0.027650 0.091943
1 0.266658 0.776534 0.526677 0.032047 0.084951
0 0.372245 0.607580 0.026848 0.040250 0.082282
1 0.381684 0.783755 0.254723 0.024489 0.077632
1 0.412587 0.780346 0.218312 0.019824 0.076126
1 0.378600 0.779203 0.278995 0.018842 0.070445
1 0.252175 0.764356 0.490886 0.045613 0.069002
0 0.355736 0.779073 0.023058 0.204469 0.068745
0 0.370468 0.590025 0.026265 0.032593 0.065685
0 0.369289 0.571295 0.021245 0.046792 0.063312
1 0.411414 0.792323 0.224855 0.036552 0.063118
1 0.209729 0.772732 0.404871 0.038321 0.052665
0 0.303224 0.579303 0.045417 0.036341 0.052632
0 0.403042 0.572335 0.009919 0.020798 0.051727
