4 0.860557 0.687766 0.175127 0.117836 0.347599
4 0.570582 0.562035 0.192712 0.046307 0.333599
4 0.869075 0.722575 0.102143 0.046320 0.297707
2 0.776737 0.727875 0.445253 0.208373 0.297366
4 0.873381 0.718850 0.124048 0.056770 0.273731
2 0.679412 0.718720 0.635975 0.223824 0.225681
4 0.528948 0.561600 0.113313 0.039240 0.165373
4 0.868839 0.703928 0.154612 0.091926 0.127402
4 0.617293 0.564899 0.282459 0.053472 0.111776
4 0.573919 0.558427 0.227334 0.057144 0.087309
4 0.673213 0.564953 0.160482 0.049781 0.060784
2 0.876484 0.734560 0.246327 0.193828 0.060135
2 0.525802 0.714910 0.931808 0.238782 0.054927
4 0.667767 0.514467 0.090304 0.028725 0.050966
4 0.540737 0.564075 0.138481 0.046420 0.050334
