3 0.595393 0.887887 0.144703 0.221714 0.733444
1 0.076091 0.829330 0.149270 0.029382 0.432834
1 0.227298 0.627385 0.154438 0.024664 0.292171
2 0.571649 0.888407 0.235065 0.223169 0.225450
1 0.236442 0.659374 0.104511 0.026022 0.195037
1 0.088082 0.830031 0.126270 0.023778 0.180579
1 0.586172 0.782003 0.073095 0.019995 0.170946
2 0.544546 0.890485 0.159215 0.218206 0.159128
2 0.510011 0.821084 0.124159 0.354050 0.128688
2 0.531765 0.839115 0.152111 0.321771 0.101961
3 0.077711 0.914044 0.155422 0.171913 0.091158
1 0.550860 0.738177 0.062890 0.019469 0.079202
3 0.481285 0.620447 0.035254 0.057543 0.069681
3 0.082036 0.799850 0.163758 0.301622 0.067076
1 0.526547 0.737499 0.112683 0.022187 0.063830
2 0.078479 0.912597 0.156403 0.174805 0.057291
1 0.245410 0.628757 0.132972 0.021687 0.055190
2 0.074594 0.873702 0.148813 0.113787 0.054991
3 0.088449 0.739261 0.176452 0.194976 0.051858
