0 0.492586 0.814598 0.082620 0.141848 0.454739
2 0.850968 0.947789 0.296979 0.104063 0.404461
0 0.969398 0.810253 0.061203 0.170307 0.163908
2 0.823245 0.936301 0.352562 0.127301 0.132407
2 0.480561 0.815046 0.134979 0.143715 0.128548
0 0.969230 0.841504 0.061386 0.247601 0.116685
2 0.843138 0.859653 0.313724 0.280693 0.063396
2 0.767813 0.948286 0.464174 0.102980 0.057348
0 0.968794 0.781375 0.062339 0.128675 0.056637
2 0.916525 0.852718 0.166951 0.293722 0.054556
2 0.963020 0.853709 0.073960 0.277854 0.050396
