0 0.357246 0.724559 0.084366 0.174120 0.634528
0 0.116733 0.826356 0.232238 0.224954 0.627487
0 0.357313 0.626598 0.045977 0.067196 0.622494
0 0.546681 0.906629 0.069139 0.183416 0.557915
0 0.262301 0.659602 0.134946 0.138925 0.544480
0 0.286330 0.695297 0.090598 0.182785 0.514917
0 0.503763 0.927360 0.034929 0.141132 0.501122
1 0.254042 0.879348 0.504514 0.221321 0.419403
0 0.426561 0.860095 0.023685 0.049326 0.375718
0 0.432738 0.697708 0.026675 0.110703 0.350399
1 0.417586 0.809580 0.169842 0.070188 0.300426
0 0.038588 0.818162 0.077176 0.072045 0.286845
0 0.296262 0.929977 0.046467 0.133567 0.260368
0 0.410165 0.615936 0.023471 0.069418 0.207862
0 0.471128 0.734812 0.024899 0.087797 0.189080
0 0.470369 0.719714 0.022807 0.055658 0.176161
0 0.462004 0.694671 0.042854 0.114848 0.162039
0 0.517980 0.820133 0.124653 0.347490 0.159270
2 0.254351 0.789982 0.507332 0.390208 0.148009
0 0.272363 0.641347 0.117158 0.107694 0.144477
1 0.255342 0.832223 0.506040 0.317953 0.132887
0 0.412004 0.611658 0.032853 0.072032 0.127224
0 0.182307 0.779008 0.107142 0.090210 0.122933
0 0.440941 0.679990 0.057950 0.145273 0.115295
0 0.435844 0.688910 0.024777 0.112506 0.100413
0 0.286241 0.858427 0.183812 0.271199 0.095307
0 0.469038 0.709200 0.028908 0.085475 0.093415
0 0.454590 0.689545 0.055535 0.117157 0.092415
0 0.283698 0.631419 0.094591 0.087131 0.085339
0 0.437910 0.656830 0.020827 0.049866 0.082643
2 0.411118 0.604541 0.034321 0.073061 0.082352
0 0.362180 0.575456 0.022644 0.032351 0.082329
0 0.366338 0.573212 0.024723 0.034477 0.076430
0 0.282087 0.724912 0.081954 0.130597 0.076166
0 0.470103 0.720158 0.032956 0.114298 0.071774
0 0.348414 0.635084 0.059707 0.058601 0.070110
0 0.418812 0.666166 0.009392 0.036767 0.069173
0 0.151832 0.754519 0.095839 0.097638 0.067701
1 0.310685 0.828915 0.393212 0.120576 0.065587
0 0.430126 0.671620 0.049537 0.161613 0.063477
0 0.412267 0.628675 0.023152 0.088316 0.062821
0 0.406428 0.600261 0.027137 0.068341 0.059783
0 0.360725 0.620300 0.033998 0.061856 0.059601
0 0.045744 0.811121 0.091488 0.087123 0.052237
1 0.148702 0.924685 0.264847 0.117459 0.051885
0 0.392959 0.656620 0.016923 0.042502 0.050558
