0 0.862756 0.862161 0.209232 0.225254 0.565064
1 0.803132 0.734288 0.364630 0.043738 0.402577
0 0.829807 0.815151 0.273955 0.323199 0.332047
1 0.709704 0.745835 0.509463 0.056137 0.328331
2 0.378743 0.797131 0.245040 0.404577 0.315052
0 0.591812 0.595263 0.045813 0.057746 0.260758
1 0.678113 0.798086 0.144372 0.048870 0.196778
2 0.492023 0.800727 0.507894 0.392632 0.190756
1 0.689916 0.894828 0.122370 0.030041 0.070946
1 0.789481 0.737776 0.332992 0.032551 0.065775
2 0.333285 0.922260 0.196369 0.155480 0.054017
0 0.623640 0.804628 0.192275 0.368975 0.053952
