0 0.473394 0.806250 0.044668 0.181201 0.676500
0 0.414733 0.879879 0.030796 0.235957 0.664950
0 0.440082 0.728514 0.017388 0.103147 0.446545
1 0.250128 0.716951 0.342821 0.028292 0.286798
0 0.416758 0.841791 0.028001 0.312188 0.233283
0 0.417620 0.690928 0.015352 0.069854 0.219087
0 0.469412 0.786350 0.053170 0.216297 0.191742
0 0.418362 0.877340 0.022269 0.245319 0.186576
0 0.440272 0.737224 0.013818 0.089973 0.171698
1 0.256106 0.711785 0.322286 0.033411 0.122150
0 0.418958 0.844823 0.019353 0.203775 0.095738
1 0.250199 0.722526 0.339876 0.027401 0.079367
1 0.359782 0.586547 0.178058 0.023173 0.069223
0 0.419373 0.781555 0.024972 0.242086 0.065134
1 0.364268 0.592656 0.190941 0.020744 0.063472
0 0.418909 0.708716 0.023802 0.088790 0.056829
