0 0.479152 0.691688 0.042852 0.116673 0.615905
0 0.543452 0.875908 0.084382 0.241420 0.525476
0 0.506529 0.949704 0.017622 0.095913 0.491624
0 0.553081 0.900901 0.066504 0.194424 0.286121
0 0.505218 0.808076 0.021623 0.096283 0.269125
0 0.510670 0.874207 0.027955 0.245103 0.261573
1 0.263243 0.727888 0.443299 0.035187 0.225611
0 0.558096 0.917803 0.056346 0.157893 0.141359
1 0.404041 0.720854 0.162437 0.027983 0.119980
1 0.265025 0.722689 0.442218 0.053364 0.110133
0 0.506181 0.877052 0.023242 0.244940 0.093853
1 0.194917 0.729761 0.310339 0.028342 0.089427
0 0.500867 0.804044 0.018731 0.085003 0.089007
1 0.323689 0.727701 0.335927 0.037580 0.071563
0 0.510458 0.805493 0.029108 0.107798 0.070990
1 0.160987 0.729134 0.236921 0.018948 0.052267
