0 0.735347 0.785311 0.356747 0.402210 0.628129
0 0.229396 0.871681 0.175347 0.251975 0.608200
1 0.631020 0.828202 0.579151 0.073466 0.470399
1 0.251372 0.745045 0.126385 0.024830 0.398123
0 0.644520 0.926050 0.066063 0.147901 0.347842
1 0.866957 0.742529 0.266034 0.039231 0.327897
2 0.396664 0.693115 0.152623 0.178851 0.221824
0 0.643589 0.781109 0.551577 0.398578 0.206263
0 0.316661 0.804081 0.333074 0.381196 0.202851
0 0.660828 0.693846 0.211080 0.224304 0.189433
0 0.395378 0.693666 0.156547 0.178789 0.105774
2 0.315571 0.800474 0.325570 0.383107 0.101789
1 0.280435 0.742735 0.214890 0.031838 0.094127
0 0.661125 0.924656 0.098214 0.150687 0.093159
0 0.849790 0.911735 0.132195 0.166317 0.089219
0 0.691715 0.724583 0.276953 0.280587 0.087607
