3 0.078435 0.713718 0.156815 0.088415 0.840127
0 0.392009 0.593383 0.054189 0.097077 0.800633
3 0.288181 0.506219 0.120983 0.028957 0.602792
1 0.841086 0.640272 0.158397 0.038872 0.547999
1 0.247330 0.676924 0.143139 0.034998 0.316942
0 0.208647 0.875544 0.136250 0.192278 0.243017
1 0.604534 0.520284 0.295599 0.048758 0.212358
1 0.237902 0.771876 0.265670 0.040517 0.133108
1 0.196894 0.772943 0.199803 0.040784 0.074045
0 0.183488 0.918617 0.093170 0.112353 0.060623
1 0.859717 0.637579 0.206688 0.048732 0.058206
