1 0.732619 0.793109 0.219351 0.041767 0.708096
1 0.665936 0.694302 0.176873 0.032488 0.567872
1 0.595898 0.590357 0.155285 0.024380 0.560072
1 0.807678 0.921789 0.225280 0.045066 0.396233
1 0.732465 0.651817 0.130480 0.029279 0.293216
1 0.597870 0.626662 0.116434 0.023364 0.256949
1 0.961390 0.676015 0.077221 0.024499 0.209794
1 0.254656 0.677192 0.315691 0.047079 0.184884
1 0.547183 0.548468 0.093745 0.019767 0.157010
1 0.959970 0.864147 0.080060 0.028342 0.144760
0 0.914260 0.786690 0.171481 0.130731 0.129469
1 0.813463 0.930356 0.237161 0.062026 0.126942
1 0.671559 0.642044 0.259197 0.050665 0.114276
0 0.916211 0.814000 0.167131 0.179758 0.105477
1 0.262762 0.678206 0.239292 0.042054 0.095123
1 0.887151 0.973423 0.189861 0.043913 0.087370
1 0.163781 0.671271 0.147597 0.034203 0.081308
0 0.896271 0.750295 0.207459 0.198026 0.079355
1 0.221030 0.675754 0.243451 0.037593 0.075154
2 0.632979 0.572015 0.266958 0.248371 0.074225
2 0.592570 0.518185 0.177051 0.153698 0.059794
1 0.826613 0.948334 0.259814 0.092848 0.056407
1 0.960211 0.869646 0.079286 0.044854 0.051680
1 0.601596 0.665568 0.083187 0.018089 0.051465
1 0.567716 0.547610 0.133437 0.024591 0.050881
