0 0.333557 0.740400 0.079186 0.186368 0.701798
0 0.492970 0.631074 0.029096 0.059333 0.683731
1 0.634199 0.697357 0.343100 0.053357 0.573695
1 0.657433 0.692041 0.268306 0.039768 0.519914
0 0.604857 0.936117 0.061112 0.127766 0.392782
0 0.126538 0.690799 0.248603 0.175136 0.313794
0 0.290263 0.817624 0.171442 0.359848 0.279672
0 0.616181 0.935112 0.086144 0.129776 0.231652
0 0.088866 0.733707 0.177733 0.166827 0.203034
0 0.099137 0.711950 0.196338 0.146094 0.157548
0 0.433201 0.576039 0.019333 0.045736 0.146781
0 0.119218 0.725154 0.238436 0.231712 0.089642
1 0.246489 0.716584 0.118106 0.024005 0.083017
0 0.634616 0.935571 0.127875 0.128857 0.077957
