3 0.184934 0.792761 0.367951 0.414479 0.872765
0 0.522152 0.688675 0.066175 0.114054 0.344523
3 0.894223 0.963514 0.183438 0.072509 0.322233
2 0.526700 0.685570 0.086580 0.118334 0.314411
3 0.866761 0.962760 0.129366 0.073775 0.194826
0 0.790142 0.904394 0.062296 0.056549 0.156640
3 0.611372 0.676417 0.115506 0.134588 0.136406
1 0.763064 0.910414 0.132058 0.042624 0.101986
0 0.638399 0.709177 0.063397 0.073095 0.078323
3 0.603598 0.662658 0.084270 0.093599 0.071743
2 0.772704 0.907393 0.101601 0.048546 0.062137
2 0.552698 0.683233 0.140865 0.125541 0.058871
