3 0.229261 0.743422 0.092626 0.028156 0.708824
3 0.061270 0.825803 0.074334 0.026712 0.703327
2 0.326778 0.814422 0.248320 0.134987 0.701206
2 0.394566 0.677634 0.120919 0.064648 0.314470
2 0.424875 0.679946 0.183132 0.076917 0.236301
2 0.412632 0.819974 0.433087 0.138910 0.147060
1 0.850521 0.928709 0.298957 0.080176 0.116232
0 0.577282 0.855399 0.125494 0.085928 0.112334
1 0.689568 0.912553 0.609974 0.061060 0.077149
1 0.545411 0.829876 0.162557 0.042998 0.074460
1 0.563861 0.837359 0.144683 0.051989 0.063798
0 0.555881 0.848481 0.164779 0.086320 0.060292
1 0.568953 0.847835 0.139215 0.071050 0.057303
