0 0.430311 0.943704 0.033730 0.107638 0.620172
0 0.055368 0.887924 0.110737 0.209866 0.376443
0 0.393980 0.571234 0.083441 0.074803 0.217505
0 0.169658 0.752405 0.061634 0.070482 0.217098
0 0.500819 0.888521 0.043129 0.213123 0.210229
0 0.364445 0.595306 0.028504 0.035510 0.187429
0 0.496055 0.856654 0.051272 0.279693 0.177214
0 0.175139 0.744330 0.071092 0.085704 0.156171
0 0.311299 0.586418 0.045261 0.044171 0.147768
0 0.301536 0.596494 0.029721 0.038864 0.147205
0 0.454622 0.639786 0.020810 0.104776 0.144159
0 0.503868 0.912449 0.034911 0.166734 0.142718
0 0.402303 0.565053 0.067291 0.058442 0.141607
0 0.308846 0.703766 0.052213 0.058586 0.141490
0 0.356211 0.601066 0.048452 0.046156 0.138886
0 0.296945 0.601991 0.023694 0.032134 0.130179
0 0.453627 0.651593 0.017682 0.085345 0.123227
0 0.335528 0.678711 0.103486 0.111377 0.119021
0 0.377509 0.637842 0.032312 0.053083 0.117246
0 0.381851 0.584564 0.058863 0.051375 0.108244
0 0.308098 0.592857 0.047358 0.049740 0.107627
0 0.053447 0.866443 0.106895 0.153311 0.105704
0 0.382133 0.631466 0.022282 0.040874 0.100505
0 0.384725 0.576870 0.068505 0.072014 0.097245
0 0.181193 0.734884 0.085689 0.103060 0.091308
0 0.316372 0.697679 0.066431 0.073861 0.088784
0 0.365182 0.593064 0.039312 0.044931 0.086539
0 0.161616 0.759175 0.066260 0.066644 0.084657
0 0.351096 0.606111 0.053359 0.051863 0.077247
0 0.027021 0.927492 0.054041 0.135071 0.077195
2 0.446802 0.625604 0.048328 0.119944 0.073434
0 0.320782 0.585777 0.036570 0.037797 0.072493
0 0.373344 0.589380 0.046721 0.048333 0.070404
0 0.280110 0.611707 0.057474 0.052881 0.068128
0 0.441505 0.585559 0.033508 0.037411 0.067335
0 0.433766 0.592395 0.031370 0.040268 0.064342
0 0.289016 0.606352 0.045645 0.044650 0.063539
0 0.419063 0.555689 0.036065 0.029225 0.062721
0 0.453016 0.611007 0.025681 0.078357 0.061358
0 0.191634 0.722199 0.099747 0.127166 0.058577
0 0.277179 0.626474 0.058898 0.064031 0.057714
0 0.324798 0.688430 0.084247 0.091212 0.056415
0 0.345594 0.599588 0.050890 0.049554 0.055640
0 0.373476 0.642483 0.041292 0.062049 0.055142
