0 0.762124 0.779220 0.110178 0.281147 0.767100
1 0.874771 0.900192 0.133044 0.026790 0.585941
0 0.560302 0.791810 0.053772 0.175851 0.374708
0 0.950445 0.846778 0.099109 0.227238 0.306273
0 0.382508 0.855962 0.037555 0.072398 0.251882
0 0.536364 0.851523 0.105192 0.293107 0.185635
0 0.948257 0.811314 0.103486 0.165567 0.165551
0 0.731042 0.677469 0.060054 0.095774 0.151125
1 0.798571 0.718018 0.094921 0.020395 0.124078
1 0.208198 0.948843 0.123272 0.094039 0.084942
0 0.774501 0.825896 0.086535 0.184893 0.082103
0 0.951007 0.791537 0.097157 0.104972 0.078380
