0 0.420058 0.499826 0.073824 0.996087 0.725234
1 0.609319 0.146779 0.718046 0.067339 0.467058
1 0.689850 0.138660 0.475214 0.045780 0.357483
0 0.417535 0.445059 0.055786 0.871513 0.219590
0 0.793409 0.016578 0.069885 0.033105 0.190206
0 0.802806 0.017911 0.053978 0.035823 0.184022
0 0.422426 0.699371 0.055957 0.601259 0.095793
1 0.620522 0.159030 0.733778 0.081263 0.084665
1 0.068613 0.139290 0.137146 0.039160 0.079479
1 0.927410 0.061777 0.144499 0.056192 0.069182
1 0.612751 0.140887 0.633139 0.049959 0.058423
0 0.415607 0.305054 0.051892 0.610108 0.052460
1 0.919612 0.067686 0.160221 0.079400 0.052405
