3 0.461701 0.867550 0.442186 0.057155 0.331484
3 0.573565 0.868463 0.669441 0.067509 0.318598
1 0.832945 0.900175 0.152956 0.037165 0.316274
3 0.651815 0.760938 0.089565 0.107692 0.304646
3 0.692949 0.814092 0.161055 0.193657 0.251356
3 0.643802 0.751232 0.073293 0.091331 0.207683
3 0.724807 0.828960 0.231675 0.231947 0.120076
3 0.832507 0.900330 0.149457 0.035806 0.112898
4 0.723505 0.961824 0.087630 0.041665 0.112461
3 0.630250 0.738619 0.047654 0.064944 0.063995
3 0.780671 0.889523 0.182162 0.092102 0.055186
