3 0.279750 0.739558 0.154962 0.516808 0.526471
3 0.575880 0.598630 0.054336 0.016615 0.386618
2 0.397202 0.672459 0.179646 0.155940 0.368386
1 0.106658 0.849547 0.210361 0.043013 0.336099
3 0.318534 0.613194 0.069341 0.276703 0.302925
2 0.612286 0.826186 0.752237 0.347628 0.282468
1 0.276046 0.602579 0.100770 0.022818 0.247786
2 0.613456 0.907023 0.763656 0.185953 0.223305
1 0.619355 0.973397 0.263404 0.053206 0.211839
1 0.697670 0.711031 0.137337 0.030154 0.157009
3 0.579598 0.599450 0.065635 0.021318 0.115156
1 0.749194 0.976339 0.501611 0.047322 0.113052
1 0.782588 0.823584 0.134450 0.035279 0.103321
1 0.806964 0.941830 0.386029 0.114208 0.081103
1 0.686387 0.975367 0.385031 0.049266 0.074065
3 0.858284 0.843142 0.283433 0.301378 0.073869
1 0.788948 0.919160 0.341235 0.064206 0.051538
1 0.803636 0.824372 0.173021 0.039805 0.050705
