4 0.618692 0.894812 0.106134 0.084486 0.813672
4 0.899593 0.837840 0.099937 0.048515 0.740193
4 0.811424 0.865949 0.053393 0.031236 0.487767
3 0.615437 0.635802 0.081723 0.078735 0.349635
3 0.862807 0.882155 0.268643 0.235690 0.220334
1 0.335969 0.907779 0.429865 0.058991 0.158444
4 0.756671 0.789302 0.063826 0.047112 0.156260
3 0.597459 0.615945 0.116146 0.119845 0.147897
2 0.626659 0.901600 0.217958 0.196800 0.128457
1 0.929151 0.744963 0.141698 0.034131 0.085015
4 0.766716 0.799154 0.084421 0.068172 0.074303
