0 0.452116 0.791258 0.063644 0.352579 0.655782
1 0.806118 0.970536 0.387763 0.058061 0.438856
1 0.495195 0.962803 0.978044 0.074393 0.377894
0 0.173022 0.058469 0.048274 0.116646 0.321336
1 0.366946 0.963530 0.550277 0.069860 0.268767
1 0.247347 0.971227 0.487210 0.057480 0.209725
0 0.614945 0.305277 0.061269 0.610554 0.182908
2 0.958993 0.939983 0.081876 0.113653 0.128479
2 0.523397 0.947742 0.153038 0.081382 0.116463
1 0.315207 0.972404 0.405219 0.053703 0.093506
1 0.601493 0.967265 0.797015 0.065470 0.057173
1 0.707007 0.969768 0.583551 0.058048 0.057039
