3 0.771927 0.743636 0.456145 0.450750 0.721614
3 0.122899 0.663616 0.245358 0.333884 0.350066
0 0.271987 0.687941 0.061969 0.155982 0.322106
1 0.376782 0.721564 0.160376 0.037720 0.278973
3 0.112966 0.641107 0.225847 0.249855 0.253922
0 0.252204 0.783757 0.115130 0.361816 0.202474
1 0.114289 0.698311 0.209649 0.036673 0.189804
1 0.090584 0.697155 0.165025 0.030582 0.129210
0 0.265959 0.747759 0.082805 0.283461 0.124717
0 0.627955 0.796414 0.034409 0.071022 0.075850
3 0.108901 0.736022 0.217802 0.454831 0.074261
0 0.270060 0.715219 0.076950 0.217146 0.074169
1 0.749999 0.768017 0.129148 0.029836 0.070539
1 0.074568 0.696339 0.144009 0.026218 0.064607
