0 0.526728 0.644132 0.036734 0.065637 0.476750
1 0.661397 0.862242 0.147638 0.030882 0.408514
1 0.273055 0.956101 0.198310 0.037912 0.268433
0 0.901432 0.947973 0.111034 0.101065 0.233839
2 0.394148 0.697962 0.241809 0.119886 0.225735
0 0.570773 0.696118 0.131417 0.171766 0.183486
2 0.469090 0.695135 0.414547 0.161840 0.158741
0 0.582997 0.733573 0.063951 0.095822 0.157988
2 0.422907 0.557524 0.251839 0.086203 0.147416
1 0.705822 0.897865 0.090897 0.020655 0.124312
0 0.922732 0.950125 0.152753 0.099750 0.115799
1 0.229985 0.959396 0.106917 0.028389 0.096072
2 0.583004 0.696752 0.169413 0.180875 0.065231
1 0.424364 0.530863 0.206575 0.031691 0.059221
0 0.552926 0.684953 0.100661 0.169926 0.057129
0 0.413051 0.571583 0.055634 0.089380 0.057084
2 0.456793 0.666405 0.404117 0.229237 0.052719
0 0.592876 0.734370 0.092519 0.100743 0.051655
