0 0.824289 0.270467 0.344819 0.257486 0.776228
0 0.154906 0.688374 0.234863 0.182441 0.764923
1 0.584526 0.563578 0.623793 0.096407 0.722877
1 0.257346 0.830800 0.508902 0.189579 0.527513
0 0.950284 0.577230 0.099107 0.131442 0.148812
0 0.873194 0.302126 0.248560 0.200261 0.126436
0 0.949598 0.556074 0.100108 0.089562 0.116427
1 0.231609 0.842409 0.461826 0.144666 0.096828
0 0.705878 0.169809 0.112024 0.056948 0.094056
1 0.949830 0.551085 0.099927 0.080112 0.086806
0 0.950444 0.612859 0.099113 0.201929 0.075819
0 0.251533 0.647256 0.443781 0.251790 0.056891
