4 0.285648 0.952279 0.174972 0.095442 0.798035
4 0.558799 0.865250 0.108147 0.063396 0.587736
4 0.452890 0.747966 0.073048 0.038829 0.572068
4 0.234631 0.705111 0.181305 0.069151 0.521415
4 0.557462 0.877324 0.107058 0.089997 0.473343
4 0.659317 0.863829 0.098676 0.091232 0.375734
2 0.576951 0.812017 0.345592 0.252010 0.359308
2 0.389375 0.816318 0.770351 0.266229 0.277622
4 0.441921 0.636855 0.045785 0.033918 0.251081
4 0.672920 0.864944 0.069403 0.091124 0.234432
4 0.272073 0.695349 0.080465 0.049448 0.187169
4 0.470881 0.875789 0.077041 0.118766 0.157145
4 0.268886 0.692950 0.064743 0.037402 0.146377
2 0.560158 0.852339 0.298592 0.160456 0.121846
4 0.441284 0.634419 0.053452 0.042797 0.089158
4 0.639230 0.863644 0.142481 0.094216 0.088760
2 0.562102 0.874556 0.289360 0.112848 0.060049
