3 0.365477 0.808801 0.109778 0.035193 0.659845
2 0.364308 0.860568 0.470629 0.278865 0.637977
3 0.036774 0.780025 0.073548 0.025977 0.487953
1 0.691040 0.872081 0.298986 0.048616 0.435445
2 0.858033 0.934489 0.282649 0.130798 0.175884
2 0.860094 0.954688 0.278213 0.090624 0.133697
2 0.393273 0.810273 0.356031 0.144829 0.118908
2 0.537905 0.873253 0.910014 0.253494 0.093033
2 0.825756 0.921300 0.348489 0.156667 0.088553
2 0.859317 0.969431 0.277670 0.061019 0.086625
1 0.040723 0.889929 0.081446 0.039691 0.065123
2 0.277699 0.924244 0.257044 0.151069 0.053364
4 0.453012 0.804208 0.032826 0.030626 0.052383
