4 0.801176 0.828224 0.351456 0.215225 0.756002
4 0.255266 0.833253 0.508757 0.323132 0.544517
4 0.440180 0.645717 0.187196 0.077902 0.272016
4 0.669708 0.815576 0.088689 0.118555 0.236679
4 0.039098 0.748962 0.078195 0.067920 0.123438
4 0.306332 0.792236 0.406387 0.217510 0.111445
4 0.603838 0.618517 0.074038 0.038028 0.105260
4 0.399300 0.776944 0.219787 0.157371 0.095262
4 0.402751 0.754964 0.213621 0.112227 0.072893
4 0.170597 0.854070 0.340642 0.291634 0.055498
4 0.446033 0.829098 0.077676 0.053118 0.054025
