1 0.500000 0.834705 1.000000 0.177863 0.622329
1 0.659090 0.679873 0.271697 0.056179 0.360177
0 0.870113 0.623309 0.133031 0.174012 0.353485
0 0.061101 0.587316 0.121805 0.202411 0.302310
0 0.640621 0.699168 0.300678 0.095352 0.266354
0 0.898406 0.596342 0.192770 0.225562 0.246688
0 0.060544 0.540453 0.121088 0.288524 0.189364
1 0.642711 0.691180 0.305256 0.078071 0.146003
0 0.668851 0.681853 0.253076 0.055773 0.130880
0 0.060012 0.462872 0.118122 0.455320 0.091512
0 0.058692 0.613892 0.116279 0.124199 0.079525
