3 0.313136 0.737591 0.127924 0.041936 0.730157
4 0.385589 0.758127 0.072249 0.030605 0.599482
2 0.380851 0.626098 0.281419 0.092140 0.364409
3 0.580924 0.691275 0.837551 0.073600 0.311794
2 0.418993 0.628910 0.178379 0.089055 0.172365
2 0.533586 0.759136 0.249264 0.095185 0.143218
3 0.619548 0.925618 0.129890 0.148500 0.132453
3 0.716365 0.699986 0.556547 0.069506 0.115896
2 0.238292 0.633957 0.133840 0.057435 0.093322
3 0.583435 0.664616 0.827985 0.128866 0.091939
3 0.510879 0.684894 0.670797 0.058468 0.079371
4 0.535375 0.743915 0.031767 0.022903 0.074596
3 0.644996 0.924846 0.184326 0.150309 0.070815
2 0.342697 0.627772 0.325538 0.080179 0.054683
