0 0.437324 0.832517 0.036082 0.128310 0.784855
0 0.172935 0.946936 0.065792 0.104482 0.738499
0 0.428398 0.650601 0.029375 0.048414 0.431478
0 0.342959 0.615432 0.022919 0.057594 0.331068
0 0.253026 0.643435 0.057499 0.073331 0.312626
0 0.391630 0.686055 0.015630 0.038942 0.287689
1 0.263497 0.724671 0.337711 0.027718 0.237474
0 0.392913 0.639701 0.022856 0.128522 0.227797
0 0.261324 0.637894 0.069316 0.071989 0.205036
0 0.394872 0.604553 0.015754 0.055386 0.187315
0 0.391956 0.659480 0.019415 0.091641 0.174766
0 0.418205 0.729524 0.012511 0.023635 0.158598
0 0.412272 0.641211 0.058809 0.121437 0.126654
0 0.421378 0.634008 0.050090 0.094207 0.094986
0 0.439556 0.743897 0.043201 0.047707 0.083917
1 0.278689 0.729807 0.365102 0.038163 0.070898
0 0.389956 0.679054 0.020390 0.053381 0.067521
0 0.264976 0.633788 0.079683 0.089491 0.064250
0 0.310057 0.625477 0.018357 0.034504 0.062397
0 0.419228 0.722143 0.013806 0.031916 0.060096
0 0.342861 0.608270 0.026324 0.080582 0.055814
1 0.440854 0.735445 0.055092 0.033307 0.052950
0 0.438912 0.737085 0.053158 0.042182 0.052199
0 0.404233 0.552947 0.013581 0.030902 0.050791
