4 0.587819 0.720481 0.258108 0.065822 0.759063
2 0.519479 0.753285 0.956562 0.274498 0.665806
4 0.316734 0.851854 0.133482 0.071371 0.524604
4 0.294173 0.676834 0.169464 0.111080 0.424387
4 0.846837 0.704932 0.197477 0.111599 0.413579
4 0.608639 0.648606 0.079317 0.047279 0.277192
2 0.100363 0.951969 0.199830 0.095645 0.266921
4 0.612083 0.646267 0.101554 0.055033 0.264336
4 0.604168 0.650669 0.064628 0.040573 0.207299
4 0.259241 0.675507 0.241983 0.114288 0.184369
4 0.875096 0.714713 0.247603 0.128052 0.156610
4 0.305868 0.703725 0.157094 0.064930 0.156129
4 0.816665 0.744150 0.124408 0.057406 0.116562
2 0.091195 0.932838 0.182142 0.133477 0.068387
4 0.875557 0.748784 0.248886 0.195430 0.063324
4 0.594994 0.647412 0.086218 0.045204 0.062896
4 0.398953 0.802491 0.052813 0.036330 0.051914
