3 0.766315 0.871998 0.149043 0.254802 0.798697
2 0.490138 0.909749 0.116615 0.180502 0.126309
0 0.512761 0.861660 0.139600 0.275808 0.108704
3 0.651017 0.590958 0.039570 0.066344 0.100157
2 0.499857 0.887003 0.138695 0.225231 0.088660
0 0.503453 0.900917 0.073903 0.195562 0.080173
3 0.800612 0.872534 0.210386 0.254933 0.069347
2 0.469058 0.909235 0.177926 0.181530 0.066969
0 0.940952 0.676371 0.118096 0.091008 0.060476
2 0.488974 0.867556 0.191873 0.264889 0.056949
0 0.446307 0.667211 0.072117 0.086542 0.056816
