3 0.573086 0.218619 0.120562 0.233547 0.802764
3 0.929151 0.168540 0.131853 0.033413 0.745135
0 0.707984 0.590957 0.175577 0.400138 0.424368
0 0.722414 0.629107 0.149710 0.330904 0.199357
1 0.654115 0.120062 0.208190 0.037976 0.164760
4 0.508935 0.093050 0.043732 0.043076 0.161777
3 0.123763 0.171512 0.247525 0.206127 0.134163
2 0.206465 0.205506 0.092124 0.064947 0.119975
3 0.166075 0.171276 0.331620 0.307707 0.099113
0 0.051645 0.352869 0.103203 0.222037 0.069541
3 0.123162 0.240462 0.246325 0.337298 0.064259
