0 0.382222 0.613424 0.038362 0.051395 0.609512
0 0.466098 0.649366 0.036208 0.108074 0.445857
4 0.468207 0.717359 0.031076 0.028723 0.226651
0 0.533618 0.803658 0.172800 0.383107 0.203423
0 0.437512 0.572934 0.010995 0.042352 0.193331
0 0.439537 0.572653 0.016882 0.060509 0.184620
0 0.535645 0.737968 0.051409 0.098880 0.159845
0 0.436867 0.570610 0.015764 0.054929 0.157415
0 0.150293 0.896220 0.132682 0.196402 0.127158
0 0.518487 0.700640 0.018672 0.032211 0.118565
0 0.552227 0.847310 0.135061 0.294526 0.096667
0 0.541430 0.757761 0.046310 0.065037 0.080504
0 0.458981 0.627442 0.047722 0.146360 0.078348
0 0.598482 0.966309 0.056765 0.058689 0.075275
0 0.543353 0.881118 0.065648 0.224783 0.072895
0 0.528430 0.720030 0.037095 0.064077 0.064155
0 0.443632 0.610732 0.023223 0.110804 0.060102
0 0.581809 0.925966 0.087096 0.139353 0.058933
