0 0.313120 0.790909 0.157661 0.243165 0.802852
1 0.791017 0.855951 0.259245 0.044153 0.642344
1 0.114132 0.789892 0.227443 0.048697 0.412943
1 0.947757 0.895988 0.104487 0.029882 0.243739
1 0.220562 0.789031 0.440870 0.062993 0.156770
1 0.108950 0.804670 0.217901 0.079820 0.142291
0 0.259970 0.707758 0.045135 0.074928 0.111489
1 0.342655 0.780629 0.104027 0.021757 0.109031
1 0.364653 0.780943 0.162789 0.025402 0.088959
0 0.783372 0.670392 0.405108 0.182372 0.082046
1 0.948996 0.893923 0.101673 0.042319 0.063459
1 0.951849 0.900949 0.096018 0.038366 0.060209
1 0.947951 0.906162 0.104098 0.050840 0.053368
