0 0.360445 0.869948 0.104361 0.232338 0.810995
0 0.562524 0.876853 0.043079 0.125230 0.712818
0 0.456539 0.887907 0.104247 0.214835 0.442185
0 0.374304 0.730947 0.038247 0.122335 0.434384
0 0.447477 0.710061 0.029627 0.108081 0.317962
0 0.430481 0.816799 0.026577 0.167112 0.274600
0 0.431665 0.824854 0.021068 0.138533 0.224788
0 0.426608 0.559042 0.021162 0.059546 0.186200
0 0.425111 0.579118 0.024529 0.103495 0.160233
0 0.424334 0.565521 0.020981 0.065616 0.154533
0 0.421050 0.591466 0.025862 0.114991 0.148139
0 0.377493 0.720393 0.032794 0.097651 0.134310
0 0.419847 0.611393 0.023466 0.075333 0.126392
0 0.425269 0.873161 0.040848 0.251730 0.123847
0 0.447175 0.911433 0.083796 0.169427 0.095205
2 0.414054 0.667913 0.093113 0.201879 0.089523
0 0.422764 0.949419 0.042013 0.098563 0.072118
1 0.361731 0.642570 0.166608 0.022041 0.062749
1 0.333477 0.641820 0.195746 0.020733 0.062060
1 0.386453 0.643899 0.142592 0.022812 0.059029
0 0.441295 0.702333 0.038641 0.113349 0.057745
0 0.427725 0.835426 0.029622 0.207482 0.052998
2 0.423140 0.649151 0.051936 0.222161 0.052993
0 0.410822 0.660878 0.016790 0.037630 0.050865
