1 0.799212 0.844335 0.332839 0.047570 0.443335
1 0.824636 0.842245 0.245453 0.037100 0.359033
0 0.382848 0.739655 0.061848 0.134883 0.319785
1 0.674708 0.956833 0.465043 0.086334 0.215596
1 0.299207 0.832693 0.347475 0.050999 0.189483
1 0.338638 0.829818 0.268744 0.038940 0.183763
1 0.803661 0.981041 0.207783 0.037918 0.154390
1 0.548044 0.947767 0.204680 0.060722 0.116415
1 0.631961 0.910848 0.581200 0.178304 0.105420
1 0.647643 0.936042 0.539030 0.127485 0.089832
1 0.810775 0.837001 0.364229 0.062065 0.077550
1 0.580752 0.899984 0.752968 0.200031 0.071111
0 0.377733 0.753605 0.074520 0.170897 0.062757
