0 0.308664 0.838315 0.140179 0.314101 0.759221
0 0.148429 0.924446 0.092265 0.145125 0.519622
0 0.413583 0.852670 0.030392 0.109559 0.412746
1 0.191184 0.792112 0.366532 0.142521 0.406402
0 0.494200 0.854911 0.108621 0.274329 0.340465
0 0.450029 0.791149 0.180312 0.402997 0.310228
2 0.345955 0.791328 0.402443 0.407516 0.300424
1 0.290480 0.683667 0.176512 0.025725 0.255182
0 0.413676 0.626167 0.021106 0.096315 0.225529
0 0.201174 0.703461 0.123597 0.117646 0.224060
0 0.307920 0.609293 0.034427 0.036279 0.167054
0 0.412472 0.790694 0.208186 0.409752 0.162529
0 0.411658 0.612523 0.026158 0.106801 0.146204
0 0.454163 0.902323 0.075945 0.184823 0.137999
2 0.273335 0.762059 0.541273 0.329193 0.135138
0 0.372372 0.635043 0.021322 0.080722 0.123750
0 0.409149 0.601801 0.030916 0.095986 0.116726
0 0.436326 0.790654 0.123300 0.407352 0.112836
0 0.304988 0.610262 0.043460 0.041274 0.112262
0 0.471506 0.818212 0.136854 0.347805 0.108125
0 0.450367 0.682582 0.043755 0.083312 0.101192
0 0.276315 0.632830 0.095375 0.085547 0.097849
0 0.464060 0.709515 0.022288 0.033181 0.096849
0 0.408140 0.584841 0.026827 0.057200 0.095691
0 0.371230 0.620635 0.021005 0.059996 0.089296
0 0.229647 0.676686 0.170696 0.152670 0.084652
0 0.337432 0.616770 0.021978 0.035748 0.083818
0 0.445947 0.886030 0.084648 0.215103 0.077752
1 0.272403 0.751212 0.539772 0.283079 0.074102
0 0.443018 0.681331 0.030302 0.081975 0.072179
1 0.287237 0.682919 0.198140 0.039176 0.070164
1 0.313441 0.682479 0.255571 0.027599 0.059876
0 0.379455 0.643875 0.035337 0.103017 0.058595
0 0.461557 0.846839 0.093184 0.291485 0.056674
0 0.187526 0.715571 0.093802 0.095161 0.054244
0 0.278267 0.617562 0.093686 0.070595 0.051554
