4 0.619134 0.933281 0.126109 0.077931 0.784882
2 0.859534 0.959051 0.280802 0.079007 0.468566
4 0.720561 0.737070 0.137077 0.088623 0.232272
4 0.860444 0.958905 0.279112 0.080460 0.187900
4 0.757957 0.758399 0.067110 0.055109 0.169244
4 0.911736 0.967025 0.176527 0.063988 0.124028
4 0.747516 0.741403 0.088818 0.085085 0.083301
2 0.829336 0.952560 0.191379 0.065134 0.082600
4 0.753874 0.749624 0.074499 0.071629 0.080341
1 0.863554 0.833460 0.263735 0.048936 0.073154
4 0.824517 0.952968 0.192336 0.066133 0.065108
0 0.717922 0.737665 0.140978 0.091446 0.056979
