0 0.272860 0.500114 0.312893 0.999772 0.736209
1 0.575683 0.465194 0.498295 0.066111 0.688533
0 0.705751 0.180484 0.147660 0.360948 0.578873
0 0.907551 0.698318 0.177128 0.522688 0.366341
0 0.726944 0.206197 0.196102 0.412394 0.261628
1 0.205650 0.335215 0.182167 0.030523 0.234932
1 0.915383 0.403122 0.169234 0.065158 0.232361
0 0.845750 0.515756 0.049897 0.165112 0.212685
1 0.883130 0.424403 0.107568 0.026760 0.083817
1 0.966298 0.388726 0.067348 0.038046 0.071181
0 0.873646 0.575630 0.110350 0.280408 0.065034
0 0.895759 0.641465 0.163325 0.424083 0.054892
