0 0.327533 0.671050 0.036118 0.102172 0.609339
0 0.150660 0.756135 0.088133 0.176537 0.556596
0 0.053616 0.921204 0.095127 0.106361 0.492833
0 0.167531 0.925334 0.051580 0.149332 0.362937
0 0.103303 0.819021 0.188995 0.307851 0.315333
1 0.062821 0.743989 0.125586 0.034047 0.282010
1 0.026671 0.871318 0.053302 0.029099 0.193695
1 0.231476 0.766132 0.093012 0.022100 0.178681
0 0.136678 0.827877 0.265649 0.308719 0.117229
0 0.161928 0.735329 0.115768 0.220723 0.096927
1 0.228362 0.845218 0.103749 0.041507 0.095441
1 0.070635 0.743887 0.141269 0.046682 0.063560
4 0.356883 0.730182 0.027671 0.021981 0.063055
1 0.061157 0.756861 0.122163 0.061302 0.061191
