1 0.670250 0.896315 0.421439 0.054949 0.442158
2 0.171519 0.850911 0.343038 0.216801 0.311967
2 0.091263 0.817434 0.182348 0.203294 0.284196
2 0.172713 0.864356 0.341298 0.131181 0.277389
3 0.269701 0.992123 0.087206 0.015715 0.238320
3 0.036150 0.641605 0.072299 0.020385 0.151111
0 0.090647 0.820407 0.180630 0.211937 0.144823
2 0.257039 0.861804 0.171642 0.131686 0.141004
2 0.126557 0.858402 0.252916 0.278903 0.124459
0 0.496700 0.796674 0.024014 0.065964 0.122426
0 0.616647 0.860642 0.076558 0.141235 0.108155
1 0.605751 0.970429 0.239170 0.038346 0.102110
1 0.681301 0.888714 0.436620 0.075415 0.068853
2 0.088158 0.858980 0.175401 0.278029 0.064412
0 0.606708 0.835594 0.083638 0.171578 0.063459
