0 0.238935 0.790418 0.159263 0.287339 0.846205
0 0.215527 0.679197 0.127888 0.116529 0.778260
0 0.408443 0.571163 0.011585 0.026556 0.260442
0 0.322458 0.577966 0.028175 0.030185 0.193288
0 0.408498 0.564609 0.012231 0.032558 0.184666
0 0.392878 0.639960 0.015714 0.051187 0.149683
0 0.318382 0.582833 0.039994 0.041280 0.125883
0 0.391805 0.635195 0.019122 0.053133 0.119145
0 0.304985 0.589401 0.048408 0.042179 0.117744
0 0.428889 0.609184 0.012940 0.025921 0.116010
0 0.298389 0.597203 0.051821 0.039632 0.115102
0 0.355955 0.584275 0.016753 0.024998 0.101476
0 0.344756 0.596259 0.016298 0.026719 0.099329
0 0.278506 0.623011 0.019162 0.030469 0.090418
0 0.286240 0.600088 0.043398 0.038318 0.087346
0 0.429431 0.613297 0.012037 0.022918 0.086989
0 0.305199 0.588699 0.063638 0.047267 0.084545
0 0.272509 0.595756 0.020467 0.026181 0.080256
0 0.193666 0.697590 0.081384 0.076073 0.074635
0 0.351274 0.590825 0.020687 0.027860 0.065317
0 0.294221 0.623452 0.044852 0.042541 0.063800
0 0.251419 0.641503 0.058205 0.042615 0.058954
0 0.332376 0.594674 0.023193 0.031709 0.054936
1 0.301602 0.643740 0.036181 0.017402 0.051275
0 0.385515 0.618281 0.022590 0.020907 0.050321
