2 0.582197 0.810205 0.304250 0.241673 0.408019
0 0.304223 0.883664 0.183594 0.225960 0.280523
0 0.542743 0.807273 0.106012 0.238758 0.176325
3 0.795314 0.889847 0.069221 0.073764 0.168372
0 0.643104 0.760235 0.061961 0.149491 0.133437
3 0.867691 0.774177 0.148308 0.096988 0.133024
3 0.895166 0.789987 0.201269 0.125683 0.124072
0 0.669909 0.807310 0.137493 0.232789 0.096538
0 0.563902 0.815262 0.056119 0.221615 0.094743
0 0.525898 0.801586 0.161126 0.247497 0.087593
3 0.788652 0.879609 0.092893 0.100680 0.084434
0 0.642201 0.774736 0.048093 0.117779 0.062922
0 0.269802 0.878053 0.255003 0.240023 0.058541
3 0.901661 0.827847 0.195714 0.197985 0.058286
2 0.525281 0.805051 0.165379 0.242840 0.051272
