3 0.260923 0.773414 0.211370 0.082394 0.859498
3 0.803311 0.950575 0.256860 0.098849 0.807432
2 0.742072 0.876780 0.301078 0.119207 0.512551
2 0.943823 0.714682 0.112354 0.155292 0.507995
4 0.942917 0.934285 0.114165 0.079750 0.476987
2 0.278451 0.821705 0.528693 0.252331 0.425060
4 0.922136 0.930602 0.155729 0.074035 0.328554
2 0.456536 0.891438 0.869423 0.141270 0.110547
2 0.919857 0.946290 0.160287 0.106825 0.105664
2 0.737274 0.899343 0.293714 0.166728 0.104711
1 0.186511 0.705871 0.135566 0.031203 0.103832
2 0.946417 0.817328 0.107166 0.365345 0.089730
4 0.919414 0.945484 0.161172 0.107895 0.079933
2 0.944887 0.749161 0.109651 0.230596 0.071043
1 0.328588 0.879375 0.286737 0.041177 0.063942
