3 0.416455 0.840558 0.777769 0.318343 0.795344
0 0.431857 0.581652 0.039770 0.188706 0.679371
1 0.902355 0.889458 0.194156 0.100963 0.639532
0 0.721239 0.352658 0.153875 0.203302 0.361763
0 0.745203 0.291411 0.106737 0.086094 0.300695
0 0.667881 0.433807 0.053759 0.043776 0.286842
0 0.903666 0.873909 0.192562 0.131807 0.206625
1 0.054347 0.104690 0.108694 0.033739 0.123707
0 0.753309 0.278367 0.128791 0.111018 0.108583
0 0.729661 0.316920 0.146655 0.160852 0.084983
1 0.903201 0.859371 0.192811 0.160553 0.064212
0 0.697161 0.400637 0.104599 0.107760 0.060780
0 0.777754 0.257780 0.174903 0.152080 0.059274
