0 0.300721 0.223017 0.114514 0.214743 0.595220
0 0.117456 0.536886 0.115080 0.145368 0.580232
1 0.566490 0.624054 0.407820 0.087304 0.514941
0 0.773561 0.526520 0.451018 0.579745 0.475299
1 0.317807 0.401467 0.437258 0.052471 0.364212
1 0.392405 0.403054 0.417679 0.052488 0.304193
1 0.309886 0.402593 0.249450 0.048409 0.272135
3 0.173658 0.258999 0.347316 0.343980 0.271778
0 0.586284 0.287748 0.054330 0.096580 0.240418
0 0.527146 0.161493 0.076485 0.108755 0.184341
1 0.342277 0.764143 0.096334 0.042655 0.163361
0 0.131283 0.533883 0.080528 0.135072 0.150526
2 0.670019 0.522728 0.658914 0.559183 0.146079
2 0.527284 0.524923 0.937305 0.637425 0.138403
1 0.360134 0.760509 0.130899 0.053335 0.133756
1 0.216105 0.331856 0.201776 0.034801 0.125992
1 0.302031 0.487921 0.129250 0.037192 0.088272
0 0.671349 0.432612 0.231798 0.390040 0.080958
1 0.374667 0.748013 0.168636 0.074429 0.080764
1 0.162797 0.333947 0.101972 0.026420 0.080362
0 0.307837 0.212755 0.092320 0.173979 0.069956
1 0.510875 0.401447 0.226892 0.038771 0.065162
1 0.323105 0.489278 0.177075 0.045098 0.061645
1 0.569019 0.368156 0.094127 0.029821 0.059290
1 0.184331 0.333679 0.142837 0.030167 0.059040
1 0.390555 0.735932 0.201503 0.097841 0.056904
1 0.266332 0.398276 0.369907 0.049011 0.056890
