3 0.829570 0.822595 0.340860 0.350055 0.874257
3 0.251099 0.826616 0.483850 0.346767 0.719479
0 0.451040 0.773718 0.105817 0.197738 0.209973
0 0.385966 0.840646 0.232514 0.314094 0.194063
1 0.563955 0.895495 0.377747 0.043998 0.179235
1 0.484227 0.892163 0.563302 0.052757 0.127707
0 0.335624 0.927396 0.086655 0.145054 0.100694
0 0.360832 0.871575 0.203955 0.256022 0.087791
1 0.578520 0.796544 0.151966 0.029950 0.058916
1 0.647416 0.895067 0.537045 0.047515 0.057899
0 0.313747 0.929587 0.124128 0.140827 0.056477
0 0.442551 0.789714 0.080585 0.180258 0.051245
