0 0.730696 0.835494 0.200630 0.144338 0.591866
1 0.769260 0.965294 0.294933 0.069409 0.420408
0 0.782004 0.860881 0.297803 0.201233 0.334656
0 0.602492 0.825680 0.103613 0.101637 0.280973
0 0.574299 0.938658 0.043365 0.076143 0.253773
0 0.766815 0.964496 0.292287 0.070869 0.206770
0 0.767535 0.859177 0.130510 0.101842 0.162070
0 0.710056 0.964661 0.170443 0.070574 0.148014
1 0.826556 0.986064 0.199307 0.027851 0.090093
0 0.570271 0.930601 0.048273 0.091103 0.069898
1 0.882126 0.988004 0.074862 0.023517 0.063667
0 0.807946 0.882233 0.246352 0.168974 0.060060
