0 0.415891 0.753682 0.148771 0.212188 0.536693
0 0.453488 0.619788 0.191740 0.172190 0.303684
2 0.147078 0.808573 0.294106 0.354834 0.274127
0 0.413399 0.667741 0.269934 0.254549 0.153543
2 0.212694 0.803478 0.425388 0.371928 0.139918
2 0.271156 0.762335 0.541405 0.413019 0.085358
0 0.433639 0.733895 0.185266 0.254583 0.083469
0 0.274391 0.724576 0.540414 0.361411 0.081772
0 0.446647 0.680464 0.205775 0.291463 0.072517
0 0.384627 0.705347 0.317178 0.327171 0.070530
2 0.105270 0.825839 0.209554 0.340467 0.053937
