3 0.514476 0.707465 0.574053 0.068343 0.486094
3 0.705920 0.692696 0.077671 0.081020 0.210756
3 0.202756 0.894514 0.135133 0.100624 0.204096
3 0.407204 0.680787 0.063269 0.064433 0.127468
3 0.725430 0.699077 0.115076 0.094035 0.116850
3 0.714654 0.699481 0.087284 0.082844 0.112747
4 0.206749 0.895523 0.143004 0.098684 0.107956
3 0.697746 0.685048 0.070225 0.072895 0.082294
3 0.330702 0.693793 0.225428 0.049906 0.075892
3 0.891566 0.808418 0.171252 0.151303 0.067465
2 0.139571 0.919915 0.276015 0.160170 0.055151
3 0.407323 0.677379 0.081620 0.075567 0.054395
