3 0.181370 0.415281 0.362739 0.347496 0.605675
1 0.525254 0.489488 0.259896 0.045161 0.518283
2 0.809158 0.539823 0.378971 0.416716 0.472399
2 0.553026 0.612934 0.889067 0.482685 0.461980
1 0.589253 0.712711 0.358721 0.062911 0.258764
2 0.298822 0.640925 0.334106 0.415835 0.205059
1 0.657009 0.716345 0.220828 0.053919 0.188113
1 0.524453 0.569508 0.226374 0.039727 0.119886
2 0.873328 0.315322 0.252129 0.141617 0.115618
1 0.963424 0.531745 0.073152 0.040238 0.094015
3 0.361679 0.937797 0.064555 0.027621 0.085518
2 0.324668 0.644111 0.235481 0.403546 0.056818
3 0.800377 0.509640 0.396817 0.489815 0.052782
4 0.937209 0.699482 0.125080 0.114486 0.051923
