3 0.298962 0.807931 0.356560 0.374019 0.856719
0 0.659173 0.667360 0.042812 0.085439 0.742132
0 0.744785 0.874640 0.124894 0.245125 0.738182
3 0.563248 0.733126 0.100167 0.031747 0.691385
0 0.915631 0.712678 0.168739 0.132147 0.566759
3 0.943799 0.891631 0.111956 0.215252 0.502765
3 0.727355 0.621480 0.073994 0.061003 0.402746
0 0.387353 0.915054 0.050747 0.161565 0.343174
0 0.917129 0.742447 0.165742 0.189571 0.154948
0 0.378282 0.914263 0.082290 0.170966 0.076265
0 0.772090 0.874763 0.176953 0.249473 0.052625
0 0.391868 0.912754 0.077759 0.173262 0.050316
