3 0.144128 0.871028 0.167665 0.067212 0.831683
3 0.085663 0.719453 0.092579 0.032634 0.721419
2 0.427982 0.775705 0.564852 0.332524 0.509678
2 0.486131 0.802847 0.458710 0.345618 0.242294
2 0.039491 0.891053 0.078983 0.066600 0.219111
4 0.285694 0.640858 0.044689 0.022564 0.133038
3 0.456815 0.595407 0.044860 0.018298 0.127010
2 0.363161 0.678538 0.425814 0.149812 0.118730
2 0.360912 0.803629 0.709246 0.378793 0.106237
4 0.285945 0.641589 0.052454 0.028436 0.078576
2 0.303305 0.672744 0.315517 0.143524 0.053454
