0 0.489439 0.881334 0.080580 0.201414 0.623034
3 0.903156 0.727423 0.180386 0.049340 0.578540
3 0.808302 0.734911 0.382274 0.252427 0.383269
3 0.801739 0.772433 0.394646 0.176276 0.377715
3 0.402280 0.615245 0.052130 0.017353 0.271196
3 0.867548 0.771455 0.263018 0.166293 0.156777
3 0.397941 0.615127 0.065004 0.022434 0.133406
1 0.312013 0.980737 0.624025 0.038526 0.108949
1 0.525722 0.752419 0.119494 0.027627 0.102726
3 0.922385 0.729275 0.137217 0.044069 0.097223
0 0.492914 0.890527 0.061506 0.189060 0.079851
3 0.396063 0.618744 0.067960 0.035847 0.054792
