0 0.301427 0.848376 0.081044 0.291693 0.703556
1 0.485668 0.956721 0.227439 0.080876 0.577968
0 0.361518 0.632193 0.025728 0.130511 0.562839
0 0.423679 0.707580 0.041970 0.097324 0.368027
0 0.421447 0.690036 0.046230 0.128275 0.332331
0 0.418633 0.671952 0.050893 0.173111 0.281178
1 0.206562 0.745575 0.263792 0.103463 0.234664
0 0.400006 0.614415 0.017051 0.060050 0.224497
0 0.309758 0.772779 0.063614 0.158781 0.179623
1 0.183489 0.758513 0.210410 0.064825 0.150398
1 0.051488 0.977338 0.102727 0.039936 0.149563
1 0.051610 0.968989 0.103219 0.055903 0.092166
1 0.188955 0.762008 0.262382 0.104168 0.091760
0 0.215908 0.651788 0.116160 0.119468 0.085891
0 0.262825 0.603725 0.031489 0.033183 0.085334
0 0.362886 0.611136 0.024669 0.091207 0.077193
0 0.228415 0.640758 0.099866 0.110264 0.075305
0 0.277858 0.933520 0.033169 0.125833 0.073017
1 0.062986 0.979609 0.080613 0.034381 0.067172
1 0.152123 0.776028 0.140760 0.050471 0.063071
0 0.402155 0.609270 0.019976 0.081188 0.056543
0 0.255054 0.612740 0.046630 0.053837 0.054831
0 0.333294 0.695200 0.015446 0.039693 0.051395
0 0.404271 0.654350 0.025036 0.136237 0.050579
