2 0.577746 0.898657 0.756494 0.202687 0.792587
3 0.342234 0.697330 0.138634 0.042467 0.753006
2 0.495109 0.702373 0.158350 0.083774 0.473907
2 0.574557 0.675162 0.287081 0.161274 0.410500
2 0.101628 0.883434 0.203220 0.232518 0.302953
4 0.381343 0.670970 0.047066 0.021267 0.236762
2 0.447034 0.893942 0.892274 0.210980 0.127129
3 0.301415 0.622455 0.134219 0.029228 0.099997
4 0.380712 0.668732 0.049462 0.029054 0.091352
4 0.115379 0.917352 0.105546 0.077546 0.078492
2 0.088381 0.917248 0.176761 0.165323 0.073131
