3 0.825623 0.820959 0.342863 0.358082 0.859658
3 0.232412 0.917199 0.191289 0.088890 0.844764
2 0.174888 0.720428 0.344732 0.158497 0.230061
2 0.184270 0.686752 0.366550 0.229448 0.203213
1 0.882976 0.777095 0.221193 0.035345 0.159156
2 0.052041 0.941278 0.103754 0.116832 0.156428
0 0.035238 0.929769 0.067502 0.083318 0.116866
0 0.039170 0.943757 0.077306 0.111509 0.083420
3 0.181013 0.699673 0.362026 0.255635 0.054670
4 0.928887 0.775673 0.089471 0.028842 0.051964
4 0.208557 0.759964 0.100693 0.062292 0.051648
