2 0.247582 0.775874 0.203382 0.322355 0.619687
1 0.653378 0.588760 0.166350 0.031806 0.485936
1 0.401408 0.681580 0.140661 0.031794 0.443122
1 0.872748 0.664564 0.219633 0.045749 0.396330
1 0.696171 0.828966 0.141880 0.035900 0.375841
0 0.457178 0.485317 0.034851 0.063673 0.375642
1 0.661449 0.634137 0.141242 0.028551 0.288072
1 0.062758 0.891754 0.125498 0.042502 0.225583
1 0.578595 0.534317 0.120037 0.024900 0.198269
1 0.504718 0.740119 0.185089 0.046921 0.188951
1 0.714671 0.832447 0.168117 0.041540 0.137272
1 0.522904 0.742829 0.146142 0.041068 0.131939
0 0.719606 0.977339 0.023101 0.037534 0.089739
1 0.063527 0.880749 0.126918 0.062344 0.072875
1 0.725947 0.895850 0.126359 0.027646 0.066955
1 0.413706 0.683761 0.164449 0.039110 0.058784
1 0.487340 0.735269 0.164296 0.038074 0.058016
1 0.393928 0.917042 0.550787 0.076934 0.050386
