4 0.479620 0.985567 0.103474 0.028865 0.474272
4 0.618742 0.838916 0.104077 0.049889 0.360672
2 0.656911 0.834619 0.206492 0.067611 0.290235
4 0.462256 0.984198 0.150247 0.031603 0.190314
4 0.622628 0.841745 0.078765 0.047109 0.168073
2 0.379060 0.952219 0.486877 0.095563 0.145519
3 0.234539 0.799124 0.468101 0.399729 0.137338
2 0.398413 0.950743 0.312248 0.098515 0.132258
4 0.606710 0.837144 0.077527 0.040219 0.126640
2 0.405647 0.966288 0.328567 0.067365 0.081751
1 0.711051 0.841410 0.104533 0.026666 0.076549
2 0.321289 0.940126 0.547383 0.119749 0.074770
4 0.596500 0.835892 0.057890 0.034709 0.068505
3 0.306104 0.727978 0.309299 0.272541 0.055935
2 0.436725 0.942605 0.353313 0.114657 0.053898
